-5.180121865123510361e-03	-2.512522914912551641e-04	-1.230397075414657593e-02
-3.673538565635681152e-02	8.785737305879592896e-02	-5.081737786531448364e-02
-2.540971385315060616e-03	4.244371503591537476e-02	-5.901009216904640198e-02
5.910878535360097885e-03	2.121616154909133911e-02	-5.156256631016731262e-02
6.059124600142240524e-03	1.029043179005384445e-02	-4.087144136428833008e-02
-3.098521754145622253e-02	1.226606518030166626e-01	-9.406220167875289917e-02
-2.736924402415752411e-02	1.821326315402984619e-01	-1.609827727079391479e-01
-7.100751157850027084e-03	2.132483273744583130e-01	-2.132324278354644775e-01
1.200147904455661774e-02	2.231907993555068970e-01	-2.612915635108947754e-01
1.560385525226593018e-02	2.396117299795150757e-01	-2.821933627128601074e-01
2.521937340497970581e-02	2.443124949932098389e-01	-2.958148717880249023e-01
1.541594881564378738e-02	2.569789886474609375e-01	-3.171839416027069092e-01
1.046677585691213608e-02	2.670074403285980225e-01	-3.336341977119445801e-01
2.093929983675479889e-02	2.808542549610137939e-01	-3.422370851039886475e-01
4.949078336358070374e-02	2.881133854389190674e-01	-3.414455056190490723e-01
7.249546796083450317e-02	2.883533537387847900e-01	-3.365172743797302246e-01
9.708756953477859497e-02	2.893895208835601807e-01	-3.336436450481414795e-01
1.136311814188957214e-01	2.913511395454406738e-01	-3.354465663433074951e-01
1.172719746828079224e-01	2.942314445972442627e-01	-3.475909829139709473e-01
1.168551146984100342e-01	3.005738556385040283e-01	-3.518796563148498535e-01
1.224630996584892273e-01	3.234375417232513428e-01	-3.488422632217407227e-01
1.307312995195388794e-01	3.357784748077392578e-01	-3.511762917041778564e-01
1.201368197798728943e-01	3.417281806468963623e-01	-3.777784407138824463e-01
1.264025419950485229e-01	3.251004815101623535e-01	-3.923420906066894531e-01
1.272198408842086792e-01	3.164899945259094238e-01	-4.053318202495574951e-01
1.328389793634414673e-01	2.849595248699188232e-01	-4.198493957519531250e-01
1.124585419893264771e-01	2.686888277530670166e-01	-4.209436476230621338e-01
7.836300134658813477e-02	2.682008445262908936e-01	-4.200796484947204590e-01
5.655579641461372375e-02	2.790892422199249268e-01	-4.188838601112365723e-01
4.758899658918380737e-02	2.845958173274993896e-01	-4.289244413375854492e-01
4.741338640451431274e-02	2.859026193618774414e-01	-4.369912743568420410e-01
5.397026613354682922e-02	2.982564866542816162e-01	-4.535435736179351807e-01
7.278318703174591064e-02	3.019935190677642822e-01	-4.754671156406402588e-01
1.034753173589706421e-01	3.001424074172973633e-01	-4.841777682304382324e-01
1.250282675027847290e-01	2.866290509700775146e-01	-4.714313447475433350e-01
1.331449896097183228e-01	2.914820909500122070e-01	-4.667825698852539062e-01
1.233645528554916382e-01	3.107484579086303711e-01	-4.514808654785156250e-01
1.074874103069305420e-01	3.349906206130981445e-01	-4.495019316673278809e-01
1.030836701393127441e-01	3.467567563056945801e-01	-4.386292397975921631e-01
1.156295537948608398e-01	3.553238213062286377e-01	-4.398515522480010986e-01
1.310245692729949951e-01	3.537898659706115723e-01	-4.404425621032714844e-01
1.420439034700393677e-01	3.490438759326934814e-01	-4.467748105525970459e-01
1.543465405702590942e-01	3.472301959991455078e-01	-4.506973922252655029e-01
1.843941509723663330e-01	3.392188847064971924e-01	-4.486005902290344238e-01
2.008272260427474976e-01	3.361202776432037354e-01	-4.422546029090881348e-01
2.173197418451309204e-01	3.507266938686370850e-01	-4.314678013324737549e-01
2.317265421152114868e-01	3.478847742080688477e-01	-4.283174872398376465e-01
2.454674243927001953e-01	3.499108254909515381e-01	-4.283880591392517090e-01
2.481907457113265991e-01	3.361409008502960205e-01	-4.338064789772033691e-01
2.532704174518585205e-01	3.489741384983062744e-01	-4.213095009326934814e-01
2.706070542335510254e-01	3.619255125522613525e-01	-4.118893742561340332e-01
2.821064293384552002e-01	3.731786608695983887e-01	-4.065989255905151367e-01
2.910990118980407715e-01	3.742718696594238281e-01	-4.079714119434356689e-01
3.061588704586029053e-01	4.137970507144927979e-01	-4.302266240119934082e-01
3.255901634693145752e-01	4.210045933723449707e-01	-4.711386263370513916e-01
3.416740000247955322e-01	4.335751235485076904e-01	-4.977761805057525635e-01
3.705598115921020508e-01	4.690495431423187256e-01	-5.312339067459106445e-01
3.895853161811828613e-01	4.918966591358184814e-01	-5.519506335258483887e-01
4.048934280872344971e-01	5.229213833808898926e-01	-5.642885565757751465e-01
4.139926731586456299e-01	5.599373579025268555e-01	-5.802535414695739746e-01
4.099122285842895508e-01	5.699586868286132812e-01	-5.984580516815185547e-01
4.190440177917480469e-01	5.824992060661315918e-01	-6.169624924659729004e-01
4.350843131542205811e-01	5.775518417358398438e-01	-6.341280937194824219e-01
4.402207732200622559e-01	5.661697387695312500e-01	-6.508219242095947266e-01
4.436223804950714111e-01	5.646026730537414551e-01	-6.669704318046569824e-01
4.464006721973419189e-01	5.542916059494018555e-01	-6.972367763519287109e-01
4.551497697830200195e-01	5.273898839950561523e-01	-7.030402421951293945e-01
4.692462086677551270e-01	5.175807476043701172e-01	-7.154844999313354492e-01
4.904524385929107666e-01	4.944279491901397705e-01	-7.158133387565612793e-01
5.031787157058715820e-01	4.637152254581451416e-01	-7.194657325744628906e-01
5.087562799453735352e-01	4.422523081302642822e-01	-7.246792912483215332e-01
4.971698522567749023e-01	4.115609526634216309e-01	-7.248390316963195801e-01
4.818047583103179932e-01	3.960966467857360840e-01	-7.215114831924438477e-01
4.717930853366851807e-01	3.819682598114013672e-01	-7.300252914428710938e-01
4.715913236141204834e-01	3.463601768016815186e-01	-7.416657209396362305e-01
4.760354757308959961e-01	3.157341480255126953e-01	-7.548763751983642578e-01
4.719329178333282471e-01	2.917000353336334229e-01	-7.500356435775756836e-01
4.717944264411926270e-01	2.944217622280120850e-01	-7.516691088676452637e-01
4.736672341823577881e-01	3.006634712219238281e-01	-7.299436926841735840e-01
4.802417755126953125e-01	3.078179061412811279e-01	-7.168912291526794434e-01
4.910247027873992920e-01	3.168894648551940918e-01	-7.059639692306518555e-01
4.941128790378570557e-01	3.134958446025848389e-01	-6.920776963233947754e-01
4.872108697891235352e-01	3.009070754051208496e-01	-6.655825376510620117e-01
4.725152850151062012e-01	2.915838360786437988e-01	-6.462355256080627441e-01
4.604561626911163330e-01	2.768928706645965576e-01	-6.262110471725463867e-01
4.621345698833465576e-01	2.451824247837066650e-01	-6.124879717826843262e-01
4.589852690696716309e-01	2.180186808109283447e-01	-5.886847376823425293e-01
4.467461109161376953e-01	1.976504027843475342e-01	-5.594471693038940430e-01
4.265497028827667236e-01	2.138446420431137085e-01	-5.465719103813171387e-01
4.035375714302062988e-01	2.183980941772460938e-01	-5.383998155593872070e-01
3.879268467426300049e-01	2.178706079721450806e-01	-5.360293388366699219e-01
3.902591466903686523e-01	2.214404046535491943e-01	-5.277263522148132324e-01
3.876372873783111572e-01	2.292149811983108521e-01	-5.277801752090454102e-01
3.737861812114715576e-01	2.274198383092880249e-01	-5.338172912597656250e-01
3.611783385276794434e-01	2.279077172279357910e-01	-5.267384648323059082e-01
3.604553937911987305e-01	2.307033836841583252e-01	-5.258256793022155762e-01
3.613418936729431152e-01	2.299421429634094238e-01	-5.386297702789306641e-01
3.606381416320800781e-01	2.355222702026367188e-01	-5.479713082313537598e-01
3.592523634433746338e-01	2.332118600606918335e-01	-5.483966469764709473e-01
3.475800454616546631e-01	2.070938050746917725e-01	-5.442712903022766113e-01
3.049667179584503174e-01	1.796060204505920410e-01	-5.339180827140808105e-01
2.359232902526855469e-01	1.768925189971923828e-01	-5.280579924583435059e-01
1.855711340904235840e-01	1.834321171045303345e-01	-5.057501792907714844e-01
1.525023281574249268e-01	2.074489593505859375e-01	-4.819552898406982422e-01
1.477424651384353638e-01	2.307409495115280151e-01	-4.709003269672393799e-01
1.456612348556518555e-01	2.492127567529678345e-01	-4.730767011642456055e-01
1.597003936767578125e-01	2.566638886928558350e-01	-4.849008321762084961e-01
1.667106747627258301e-01	2.468421161174774170e-01	-4.715906977653503418e-01
1.571965366601943970e-01	2.322788536548614502e-01	-4.592096209526062012e-01
1.464817523956298828e-01	2.267693579196929932e-01	-4.256715178489685059e-01
1.347854733467102051e-01	2.075579464435577393e-01	-3.867717683315277100e-01
1.348471939563751221e-01	1.900831758975982666e-01	-3.569617867469787598e-01
1.264952868223190308e-01	1.607200950384140015e-01	-3.419440686702728271e-01
1.028069034218788147e-01	1.588496565818786621e-01	-3.192717134952545166e-01
7.698368281126022339e-02	1.691932678222656250e-01	-2.880246937274932861e-01
5.626526474952697754e-02	1.724611818790435791e-01	-2.676424384117126465e-01
4.375490173697471619e-02	1.521217525005340576e-01	-2.491092234849929810e-01
4.641299694776535034e-02	1.366892307996749878e-01	-2.451280355453491211e-01
5.907826498150825500e-02	1.348364204168319702e-01	-2.334497272968292236e-01
6.566008925437927246e-02	1.330925971269607544e-01	-2.288728505373001099e-01
6.193324178457260132e-02	1.126175299286842346e-01	-2.312082350254058838e-01
5.032922700047492981e-02	9.853158146142959595e-02	-2.277799993753433228e-01
3.480621427297592163e-02	8.539114892482757568e-02	-2.218874394893646240e-01
2.099154703319072723e-02	7.007776200771331787e-02	-2.130822241306304932e-01
-7.215392543002963066e-04	3.336438536643981934e-02	-2.017972022294998169e-01
-1.572392508387565613e-02	1.301324367523193359e-02	-1.922594308853149414e-01
-3.363649174571037292e-02	1.330452412366867065e-02	-1.875271499156951904e-01
-4.606416821479797363e-02	2.022541686892509460e-02	-1.915790587663650513e-01
-5.195904150605201721e-02	2.800713106989860535e-02	-2.050198465585708618e-01
-4.825851321220397949e-02	4.325316846370697021e-02	-2.183489948511123657e-01
-3.295365720987319946e-02	6.027012690901756287e-02	-2.294159382581710815e-01
-2.098151482641696930e-02	7.276412099599838257e-02	-2.232918292284011841e-01
-2.453159168362617493e-02	7.374744117259979248e-02	-1.963008791208267212e-01
-3.652663156390190125e-02	5.637084692716598511e-02	-1.663756668567657471e-01
-4.095832258462905884e-02	4.785577207803726196e-02	-1.395014524459838867e-01
-3.222538530826568604e-02	4.177280142903327942e-02	-1.264056712388992310e-01
-3.017151169478893280e-02	5.557288229465484619e-02	-1.158591881394386292e-01
-3.631763160228729248e-02	6.417500972747802734e-02	-1.153282523155212402e-01
-4.144261777400970459e-02	7.487610727548599243e-02	-1.253851056098937988e-01
-4.267839714884757996e-02	5.860580131411552429e-02	-1.432230770587921143e-01
-4.273445531725883484e-02	4.415679723024368286e-02	-1.609358340501785278e-01
-3.774940222501754761e-02	3.745973110198974609e-02	-1.655954420566558838e-01
-4.169588908553123474e-02	2.535986527800559998e-02	-1.641151160001754761e-01
-3.841910511255264282e-02	1.498403027653694153e-02	-1.649970710277557373e-01
-4.807973653078079224e-02	8.728121407330036163e-03	-1.669893711805343628e-01
-3.930210322141647339e-02	1.190765388309955597e-02	-1.699113249778747559e-01
-2.660201303660869598e-02	1.063807029277086258e-02	-1.762692332267761230e-01
-3.517027571797370911e-02	-2.964822016656398773e-02	-1.601897925138473511e-01
-6.073513627052307129e-02	-5.934624373912811279e-02	-1.729342639446258545e-01
-7.893276959657669067e-02	-7.380782812833786011e-02	-1.658909171819686890e-01
-9.317982941865921021e-02	-8.208170533180236816e-02	-1.765004098415374756e-01
-1.021398007869720459e-01	-8.456400781869888306e-02	-1.893897205591201782e-01
-8.574190735816955566e-02	-8.835409581661224365e-02	-1.865751445293426514e-01
-6.011802703142166138e-02	-9.238179773092269897e-02	-1.817574352025985718e-01
-2.896663732826709747e-02	-9.265893697738647461e-02	-1.696515530347824097e-01
1.607708283700048923e-03	-9.589117020368576050e-02	-1.562645286321640015e-01
1.455592643469572067e-02	-9.152398258447647095e-02	-1.460654288530349731e-01
1.497962418943643570e-02	-9.690399467945098877e-02	-1.445754766464233398e-01
1.407100632786750793e-02	-1.073152124881744385e-01	-1.432443708181381226e-01
1.401404570788145065e-02	-1.242939680814743042e-01	-1.432228982448577881e-01
1.745729148387908936e-02	-1.341460794210433960e-01	-1.301003843545913696e-01
1.654253713786602020e-02	-1.394766420125961304e-01	-1.225938200950622559e-01
1.925912871956825256e-02	-1.481677889823913574e-01	-1.288468241691589355e-01
4.932393785566091537e-03	-1.521220505237579346e-01	-1.396230906248092651e-01
-1.474544871598482132e-02	-1.728241443634033203e-01	-1.459841728210449219e-01
-1.356306858360767365e-02	-1.987972706556320190e-01	-1.523148864507675171e-01
-4.414071328938007355e-03	-2.015918791294097900e-01	-1.477107554674148560e-01
3.947455901652574539e-03	-1.961931139230728149e-01	-1.617460101842880249e-01
8.952856995165348053e-03	-1.893136203289031982e-01	-1.797348111867904663e-01
1.163902413100004196e-02	-1.832490712404251099e-01	-1.945772618055343628e-01
1.770586147904396057e-02	-1.735566109418869019e-01	-2.014279365539550781e-01
1.749300584197044373e-02	-1.492304950952529907e-01	-2.166815251111984253e-01
3.850445151329040527e-02	-1.262647807598114014e-01	-2.475163340568542480e-01
6.170800700783729553e-02	-1.002197414636611938e-01	-2.796023786067962646e-01
8.022189140319824219e-02	-7.183790951967239380e-02	-2.978178262710571289e-01
9.587761759757995605e-02	-5.203687772154808044e-02	-3.144354224205017090e-01
1.176866888999938965e-01	-5.178647860884666443e-02	-3.554393351078033447e-01
1.329760700464248657e-01	-6.129912286996841431e-02	-3.912991583347320557e-01
1.566967964172363281e-01	-9.352171421051025391e-02	-4.233432114124298096e-01
1.838275492191314697e-01	-1.286135613918304443e-01	-4.388765394687652588e-01
2.340833246707916260e-01	-1.776652783155441284e-01	-4.473253786563873291e-01
2.721146345138549805e-01	-2.047560960054397583e-01	-4.545841515064239502e-01
3.073196411132812500e-01	-1.985697895288467407e-01	-4.840036928653717041e-01
3.372529745101928711e-01	-1.959807425737380981e-01	-5.271065235137939453e-01
3.419407904148101807e-01	-1.923249810934066772e-01	-5.533379316329956055e-01
3.344772160053253174e-01	-1.939875632524490356e-01	-5.692525506019592285e-01
3.375422656536102295e-01	-1.994459480047225952e-01	-5.897075533866882324e-01
3.269082903861999512e-01	-2.052310705184936523e-01	-5.875168442726135254e-01
3.310474753379821777e-01	-2.233945131301879883e-01	-5.770221352577209473e-01
3.228020966053009033e-01	-2.376648783683776855e-01	-5.520279407501220703e-01
2.870872020721435547e-01	-2.548396289348602295e-01	-5.221099853515625000e-01
2.721318900585174561e-01	-2.638679146766662598e-01	-4.980590343475341797e-01
2.113045901060104370e-01	-2.526249289512634277e-01	-4.747208058834075928e-01
1.772901862859725952e-01	-2.426702380180358887e-01	-4.653849899768829346e-01
1.691043227910995483e-01	-2.471435964107513428e-01	-4.525845646858215332e-01
1.511370539665222168e-01	-2.490809410810470581e-01	-4.404901564121246338e-01
1.582963019609451294e-01	-2.736092209815979004e-01	-4.292752146720886230e-01
1.534220129251480103e-01	-2.771120667457580566e-01	-4.059163630008697510e-01
1.076509207487106323e-01	-2.805394828319549561e-01	-3.745924532413482666e-01
5.684036388993263245e-02	-2.701560556888580322e-01	-3.513166010379791260e-01
2.077801339328289032e-02	-2.644775807857513428e-01	-3.498114347457885742e-01
-6.692262366414070129e-03	-2.481112629175186157e-01	-3.623317480087280273e-01
-1.849003508687019348e-02	-2.218211293220520020e-01	-3.517857789993286133e-01
-2.001419663429260254e-02	-2.028895318508148193e-01	-3.326326906681060791e-01
-3.691864758729934692e-02	-1.994505077600479126e-01	-3.101030588150024414e-01
-4.521398618817329407e-02	-2.059414237737655640e-01	-3.064227402210235596e-01
-5.844645202159881592e-02	-2.091500163078308105e-01	-3.056015372276306152e-01
-7.445257902145385742e-02	-2.114090919494628906e-01	-3.150895237922668457e-01
-9.186269342899322510e-02	-2.150825262069702148e-01	-3.008522391319274902e-01
-9.903237968683242798e-02	-2.152381837368011475e-01	-2.985140681266784668e-01
-9.055604785680770874e-02	-2.044242769479751587e-01	-2.913603484630584717e-01
-1.000727117061614990e-01	-1.785140484571456909e-01	-2.942036390304565430e-01
-1.082256734371185303e-01	-1.613754332065582275e-01	-2.985437214374542236e-01
-1.064337939023971558e-01	-1.514990925788879395e-01	-3.128895759582519531e-01
-8.054082095623016357e-02	-1.704690754413604736e-01	-3.385182321071624756e-01
-7.201671600341796875e-02	-1.885637789964675903e-01	-3.348505496978759766e-01
-8.585815876722335815e-02	-2.060071825981140137e-01	-3.277288377285003662e-01
-1.213402822613716125e-01	-2.131106555461883545e-01	-3.135770261287689209e-01
-1.484440565109252930e-01	-2.097975462675094604e-01	-3.061869144439697266e-01
-1.746360510587692261e-01	-2.121237367391586304e-01	-3.048048019409179688e-01
-2.012168914079666138e-01	-1.961405277252197266e-01	-3.045755028724670410e-01
-2.088241428136825562e-01	-2.004755884408950806e-01	-3.031834363937377930e-01
-2.195377796888351440e-01	-2.104761004447937012e-01	-2.956473827362060547e-01
-2.265656739473342896e-01	-2.208453267812728882e-01	-2.814581990242004395e-01
-2.291762530803680420e-01	-2.335169613361358643e-01	-2.697711884975433350e-01
-2.436513602733612061e-01	-2.500847280025482178e-01	-2.678888142108917236e-01
-2.518145740032196045e-01	-2.596419453620910645e-01	-2.682366967201232910e-01
-2.674578428268432617e-01	-2.620013058185577393e-01	-2.607181668281555176e-01
-2.715450227260589600e-01	-2.700845301151275635e-01	-2.585493028163909912e-01
-2.817471325397491455e-01	-2.676143348217010498e-01	-2.501831054687500000e-01
-3.018364906311035156e-01	-2.408404946327209473e-01	-2.449864000082015991e-01
-3.288931846618652344e-01	-2.188419848680496216e-01	-2.288963198661804199e-01
-3.401562571525573730e-01	-2.126320153474807739e-01	-2.207467257976531982e-01
-3.499638140201568604e-01	-2.433823496103286743e-01	-2.129372805356979370e-01
-3.476638197898864746e-01	-2.543715536594390869e-01	-2.105584889650344849e-01
-3.359223306179046631e-01	-2.485856115818023682e-01	-2.051781266927719116e-01
-3.279894590377807617e-01	-2.377157360315322876e-01	-2.113449573516845703e-01
-3.388897180557250977e-01	-2.415664494037628174e-01	-2.179657667875289917e-01
-3.477414548397064209e-01	-2.490191012620925903e-01	-2.234679013490676880e-01
-3.565444648265838623e-01	-2.750657498836517334e-01	-2.388381808996200562e-01
-3.558371067047119141e-01	-2.840375900268554688e-01	-2.377731353044509888e-01
-3.461795449256896973e-01	-2.960053980350494385e-01	-2.444527745246887207e-01
-3.598613440990447998e-01	-2.856414616107940674e-01	-2.397138178348541260e-01
-3.683847784996032715e-01	-2.842917740345001221e-01	-2.340304702520370483e-01
-4.137577712535858154e-01	-3.029881417751312256e-01	-2.302256077527999878e-01
-4.532926380634307861e-01	-3.106670379638671875e-01	-2.094739377498626709e-01
-4.725799858570098877e-01	-3.262898027896881104e-01	-1.810043454170227051e-01
-4.734851717948913574e-01	-3.281293809413909912e-01	-1.663099378347396851e-01
-4.730071723461151123e-01	-3.440506458282470703e-01	-1.472095400094985962e-01
-4.865594506263732910e-01	-3.429265618324279785e-01	-1.173128634691238403e-01
-5.033588409423828125e-01	-3.304838538169860840e-01	-6.719706952571868896e-02
-5.145627856254577637e-01	-3.299438059329986572e-01	-9.505642578005790710e-03
-5.185551643371582031e-01	-3.362328708171844482e-01	3.628107905387878418e-02
-5.280966758728027344e-01	-3.637390732765197754e-01	6.817602366209030151e-02
-5.264547467231750488e-01	-3.951419591903686523e-01	1.125181540846824646e-01
-5.194748044013977051e-01	-4.235275387763977051e-01	1.264958083629608154e-01
-5.430631041526794434e-01	-4.324200749397277832e-01	1.575248688459396362e-01
-5.679281949996948242e-01	-4.284939765930175781e-01	1.735631227493286133e-01
-5.776780843734741211e-01	-4.010426104068756104e-01	2.071428149938583374e-01
-5.740445852279663086e-01	-4.101651310920715332e-01	2.256449013948440552e-01
-5.687289237976074219e-01	-4.385654032230377197e-01	2.407510429620742798e-01
-5.819081664085388184e-01	-4.691864848136901855e-01	2.414821088314056396e-01
-5.767542123794555664e-01	-4.841699004173278809e-01	2.422514408826828003e-01
-5.711018443107604980e-01	-4.752578437328338623e-01	2.340848147869110107e-01
-5.505940318107604980e-01	-4.675668776035308838e-01	2.340264916419982910e-01
-5.345079302787780762e-01	-4.640070497989654541e-01	2.271137386560440063e-01
-5.198931694030761719e-01	-4.311856329441070557e-01	2.245012223720550537e-01
-4.995826780796051025e-01	-3.880559504032135010e-01	2.148147076368331909e-01
-4.825759530067443848e-01	-3.585353195667266846e-01	2.032553851604461670e-01
-4.857166707515716553e-01	-3.628754317760467529e-01	1.874655485153198242e-01
-4.929201602935791016e-01	-3.637238442897796631e-01	1.843908578157424927e-01
-4.762000441551208496e-01	-3.503879904747009277e-01	1.986677795648574829e-01
-4.643124938011169434e-01	-3.393290638923645020e-01	2.155264019966125488e-01
-4.501021802425384521e-01	-3.366087377071380615e-01	2.185638397932052612e-01
-4.425868690013885498e-01	-3.239518404006958008e-01	1.985023319721221924e-01
-4.228856861591339111e-01	-3.296888470649719238e-01	1.816008090972900391e-01
-4.070903062820434570e-01	-3.346789777278900146e-01	1.765389740467071533e-01
-3.827871978282928467e-01	-3.481386601924896240e-01	1.877191066741943359e-01
-3.681086301803588867e-01	-3.439714014530181885e-01	2.037586867809295654e-01
-3.453006446361541748e-01	-3.320061862468719482e-01	2.212754487991333008e-01
-3.355644345283508301e-01	-3.186472952365875244e-01	2.365651428699493408e-01
-3.365830779075622559e-01	-3.108863532543182373e-01	2.411345541477203369e-01
-3.401184678077697754e-01	-3.131493628025054932e-01	2.169518023729324341e-01
-3.355800807476043701e-01	-3.008291721343994141e-01	1.957050412893295288e-01
-3.340186774730682373e-01	-2.875485420227050781e-01	1.721853464841842651e-01
-3.421767055988311768e-01	-2.746289074420928955e-01	1.633231490850448608e-01
-3.497084081172943115e-01	-2.745987176895141602e-01	1.469143033027648926e-01
-3.462290465831756592e-01	-2.800468206405639648e-01	1.299171894788742065e-01
-3.356524705886840820e-01	-2.842932343482971191e-01	1.279516667127609253e-01
-3.252498209476470947e-01	-2.948495447635650635e-01	1.322885304689407349e-01
-3.167144060134887695e-01	-3.080054819583892822e-01	1.439745724201202393e-01
-3.152930140495300293e-01	-3.132146894931793213e-01	1.516571342945098877e-01
-3.110629916191101074e-01	-3.155540227890014648e-01	1.592338830232620239e-01
-2.855485975742340088e-01	-3.098974525928497314e-01	1.730096787214279175e-01
-2.942594289779663086e-01	-3.019215464591979980e-01	1.906452924013137817e-01
-2.927762567996978760e-01	-2.936436235904693604e-01	1.852642893791198730e-01
-2.796303331851959229e-01	-2.734160125255584717e-01	1.624050885438919067e-01
-2.805326581001281738e-01	-2.618273496627807617e-01	1.328304708003997803e-01
-2.800550460815429688e-01	-2.722431123256683350e-01	1.081574484705924988e-01
-2.907602488994598389e-01	-2.842796146869659424e-01	9.871346503496170044e-02
-2.803535163402557373e-01	-2.889049649238586426e-01	1.032108962535858154e-01
-2.842733561992645264e-01	-2.892881929874420166e-01	1.231416538357734680e-01
-2.706158757209777832e-01	-2.714225947856903076e-01	1.454987376928329468e-01
-2.675335407257080078e-01	-2.674568593502044678e-01	1.506750434637069702e-01
-2.665106356143951416e-01	-2.819809019565582275e-01	1.437559127807617188e-01
-2.695800364017486572e-01	-2.890810072422027588e-01	1.265264749526977539e-01
-2.684907317161560059e-01	-2.859493196010589600e-01	1.104433909058570862e-01
-2.691195905208587646e-01	-2.739488482475280762e-01	8.935438841581344604e-02
-2.562132477760314941e-01	-2.650021612644195557e-01	6.720951199531555176e-02
-2.383232712745666504e-01	-2.459212690591812134e-01	4.962676018476486206e-02
-2.269878536462783813e-01	-2.301251739263534546e-01	2.462723664939403534e-02
-2.208485454320907593e-01	-2.256818264722824097e-01	-1.222465559840202332e-02
-2.127879410982131958e-01	-2.289749830961227417e-01	-6.322690844535827637e-02
-2.002306431531906128e-01	-2.210419178009033203e-01	-9.015391767024993896e-02
-1.994767189025878906e-01	-2.025081515312194824e-01	-1.012498512864112854e-01
-2.060407400131225586e-01	-1.782093346118927002e-01	-1.062376052141189575e-01
-2.091390788555145264e-01	-1.628170311450958252e-01	-1.091680675745010376e-01
-1.952498555183410645e-01	-1.467443108558654785e-01	-9.786306321620941162e-02
-1.670387089252471924e-01	-1.373882144689559937e-01	-8.383757621049880981e-02
-1.050731316208839417e-01	-1.389548480510711670e-01	-7.428104430437088013e-02
-6.224715709686279297e-02	-1.482600718736648560e-01	-6.397777795791625977e-02
-5.039979517459869385e-02	-1.676176339387893677e-01	-5.350177362561225891e-02
-7.187264412641525269e-02	-1.718888282775878906e-01	-4.762763530015945435e-02
-8.321588486433029175e-02	-1.860217303037643433e-01	-4.898802563548088074e-02
-8.698036521673202515e-02	-1.950331181287765503e-01	-5.808324739336967468e-02
-8.267581462860107422e-02	-1.883550882339477539e-01	-6.451153755187988281e-02
-7.708388566970825195e-02	-1.442282050848007202e-01	-6.167228147387504578e-02
-6.210645288228988647e-02	-1.149858906865119934e-01	-6.125654280185699463e-02
-4.792223498225212097e-02	-1.042455211281776428e-01	-6.264935433864593506e-02
-3.949731588363647461e-02	-9.796749800443649292e-02	-6.972163170576095581e-02
-3.668752312660217285e-02	-8.309546113014221191e-02	-8.313044905662536621e-02
-3.156116232275962830e-02	-6.916244328022003174e-02	-1.067763641476631165e-01
-1.355198118835687637e-02	-4.667577147483825684e-02	-1.137312278151512146e-01
1.135603245347738266e-02	-2.481614984571933746e-02	-9.642665833234786987e-02
4.314370825886726379e-02	-2.605099603533744812e-02	-8.441376686096191406e-02
4.539892822504043579e-02	-2.251479774713516235e-02	-8.175492286682128906e-02
1.668168976902961731e-02	-1.786414906382560730e-02	-1.053921580314636230e-01
-7.336211390793323517e-03	-4.091165494173765182e-03	-1.188596412539482117e-01
5.129905883222818375e-03	3.414703998714685440e-03	-1.418790519237518311e-01
3.783688321709632874e-02	-6.313112098723649979e-03	-1.559985429048538208e-01
6.615091115236282349e-02	-2.193166129291057587e-02	-1.607516258955001831e-01
6.902205199003219604e-02	-2.550836093723773956e-02	-1.437297612428665161e-01
5.150330439209938049e-02	-2.283244021236896515e-02	-1.174987480044364929e-01
1.197885069996118546e-02	-1.570750214159488678e-02	-7.832477986812591553e-02
-2.804778516292572021e-02	-1.588515192270278931e-02	-6.785818189382553101e-02
-4.258056357502937317e-02	-1.344514545053243637e-02	-7.972007989883422852e-02
-4.977454990148544312e-02	-7.108078803867101669e-03	-1.087906733155250549e-01
-4.099840298295021057e-02	3.172392956912517548e-03	-1.268562078475952148e-01
-3.596277162432670593e-02	1.651533693075180054e-02	-1.424625515937805176e-01
-2.454032562673091888e-02	3.834226354956626892e-02	-1.516580134630203247e-01
-1.379805244505405426e-02	6.546170264482498169e-02	-1.576799601316452026e-01
-1.170198991894721985e-02	7.638691365718841553e-02	-1.589172780513763428e-01
-2.106045605614781380e-03	8.546102046966552734e-02	-1.570459157228469849e-01
1.426921598613262177e-02	9.138513356447219849e-02	-1.615289598703384399e-01
3.411413356661796570e-02	8.822822570800781250e-02	-1.632864475250244141e-01
3.903973102569580078e-02	7.145158946514129639e-02	-1.662573665380477905e-01
5.812811851501464844e-02	6.079983711242675781e-02	-1.570709794759750366e-01
7.061386853456497192e-02	4.890882596373558044e-02	-1.457942724227905273e-01
7.978372275829315186e-02	5.852616205811500549e-02	-1.305155605077743530e-01
8.024381846189498901e-02	8.740231394767761230e-02	-1.171328350901603699e-01
7.013978064060211182e-02	8.528450131416320801e-02	-1.247230991721153259e-01
6.639741361141204834e-02	7.261602580547332764e-02	-1.437376737594604492e-01
5.645733326673507690e-02	5.514719337224960327e-02	-1.559253782033920288e-01
5.367808789014816284e-02	5.286886915564537048e-02	-1.596239060163497925e-01
5.203557014465332031e-02	5.359722301363945007e-02	-1.528332531452178955e-01
5.113190785050392151e-02	2.299882657825946808e-02	-1.607749313116073608e-01
5.131535977125167847e-02	-5.980090703815221786e-03	-1.562876850366592407e-01
5.207685753703117371e-02	-1.999410241842269897e-02	-1.414277106523513794e-01
4.394715651869773865e-02	-1.166310161352157593e-02	-1.154904812574386597e-01
4.156219959259033203e-02	-3.084395080804824829e-03	-9.426891803741455078e-02
4.027490317821502686e-02	1.194312144070863724e-02	-8.337647467851638794e-02
3.952322527766227722e-02	1.278113480657339096e-02	-9.013875573873519897e-02
3.472246229648590088e-02	2.090268582105636597e-02	-8.853167295455932617e-02
2.694407850503921509e-02	2.346996590495109558e-02	-7.914977520704269409e-02
3.168052434921264648e-02	3.690627962350845337e-02	-5.597907677292823792e-02
3.936386480927467346e-02	3.530251234769821167e-02	-4.227209836244583130e-02
2.645415998995304108e-02	1.464381814002990723e-02	-3.800143301486968994e-02
1.511676050722599030e-02	5.312495399266481400e-03	-2.950139530003070831e-02
7.422619499266147614e-03	1.139983185566961765e-03	-2.219144813716411591e-02
7.865846157073974609e-03	1.470752526074647903e-02	-3.686744719743728638e-02
1.122792437672615051e-02	2.185117453336715698e-02	-5.489168316125869751e-02
5.884874146431684494e-03	3.298940882086753845e-02	-7.087594270706176758e-02
2.911300398409366608e-03	4.535417631268501282e-02	-8.297663182020187378e-02
4.215252585709095001e-03	6.688404828310012817e-02	-9.477501362562179565e-02
4.747447557747364044e-03	8.556353300809860229e-02	-8.923233300447463989e-02
3.196797799319028854e-03	9.786239266395568848e-02	-8.227802067995071411e-02
-8.726906962692737579e-03	1.003444045782089233e-01	-6.149272248148918152e-02
-2.651792950928211212e-02	9.814975410699844360e-02	-5.614379793405532837e-02
-2.905221097171306610e-02	9.372674673795700073e-02	-5.836173519492149353e-02
-3.710984811186790466e-02	8.907333016395568848e-02	-6.438580900430679321e-02
-5.695400387048721313e-02	7.222687453031539917e-02	-7.953758537769317627e-02
-6.569952517747879028e-02	6.423403322696685791e-02	-9.975556284189224243e-02
-5.372719839215278625e-02	5.659911409020423889e-02	-1.121501550078392029e-01
-3.321194276213645935e-02	4.905574023723602295e-02	-1.339572519063949585e-01
-4.773613438010215759e-02	4.290973022580146790e-02	-1.274815946817398071e-01
-7.435878366231918335e-02	3.391427174210548401e-02	-1.109678372740745544e-01
-9.024154394865036011e-02	3.367498517036437988e-02	-9.524317085742950439e-02
-9.970366954803466797e-02	5.765881016850471497e-02	-8.635631203651428223e-02
-8.460427075624465942e-02	8.512775599956512451e-02	-9.276235848665237427e-02
-8.129644393920898438e-02	9.385507553815841675e-02	-9.551256895065307617e-02
-1.029303669929504395e-01	1.020786166191101074e-01	-6.525192409753799438e-02
-1.194673851132392883e-01	9.228076040744781494e-02	-2.860348671674728394e-02
-1.374970674514770508e-01	8.851435035467147827e-02	-1.882174424827098846e-02
-1.302877813577651978e-01	8.383613824844360352e-02	-1.047826372087001801e-02
-1.214822605252265930e-01	9.635965526103973389e-02	-2.235004305839538574e-02
-1.110340282320976257e-01	1.037234663963317871e-01	-2.951791509985923767e-02
-1.078461706638336182e-01	1.066278070211410522e-01	-2.735508047044277191e-02
-9.271265566349029541e-02	1.007374525070190430e-01	-1.991304382681846619e-02
-5.765517055988311768e-02	8.231508731842041016e-02	-1.995346322655677795e-02
-4.359757155179977417e-02	7.063470780849456787e-02	-7.745648268610239029e-03
-4.361351206898689270e-02	6.076550111174583435e-02	2.405606210231781006e-03
-5.364348366856575012e-02	5.225827172398567200e-02	6.523476447910070419e-03
-7.557561248540878296e-02	4.715579003095626831e-02	4.850557539612054825e-03
-1.061811968684196472e-01	4.882099106907844543e-02	-3.768541617318987846e-03
-1.273461282253265381e-01	6.630414724349975586e-02	-2.308873832225799561e-02
-1.569622457027435303e-01	1.011786982417106628e-01	-4.361522570252418518e-02
-1.771944910287857056e-01	1.270151585340499878e-01	-6.874901801347732544e-02
-1.988973170518875122e-01	1.458180695772171021e-01	-8.530339598655700684e-02
-1.958064734935760498e-01	1.400674134492874146e-01	-1.070289760828018188e-01
-2.116032987833023071e-01	1.260487884283065796e-01	-1.266746222972869873e-01
-2.278793752193450928e-01	1.225704103708267212e-01	-1.431808769702911377e-01
-2.551225721836090088e-01	1.304651498794555664e-01	-1.671096235513687134e-01
-2.949931919574737549e-01	1.467986404895782471e-01	-1.961022168397903442e-01
-3.615418672561645508e-01	1.564134508371353149e-01	-2.580370903015136719e-01
-4.027668237686157227e-01	1.651180684566497803e-01	-3.034103810787200928e-01
-4.228742122650146484e-01	1.628201305866241455e-01	-3.341250717639923096e-01
-4.615457952022552490e-01	1.649612784385681152e-01	-3.743748664855957031e-01
-4.867431521415710449e-01	1.706840246915817261e-01	-4.149646461009979248e-01
-4.931833148002624512e-01	1.734475940465927124e-01	-4.321200549602508545e-01
-4.827938973903656006e-01	1.842896044254302979e-01	-4.366345405578613281e-01
-4.834109842777252197e-01	1.929147541522979736e-01	-4.530234336853027344e-01
-4.848898351192474365e-01	1.976028829813003540e-01	-4.718096554279327393e-01
-4.657677412033081055e-01	1.911756843328475952e-01	-4.745544195175170898e-01
-4.700784087181091309e-01	1.886726319789886475e-01	-4.903165102005004883e-01
-4.533519446849822998e-01	1.860332787036895752e-01	-4.879453480243682861e-01
-4.557426869869232178e-01	1.844878941774368286e-01	-4.723311364650726318e-01
-4.465481340885162354e-01	1.850156188011169434e-01	-4.614306092262268066e-01
-4.573285281658172607e-01	1.930556446313858032e-01	-4.562092721462249756e-01
-4.758486151695251465e-01	1.882304102182388306e-01	-4.654245078563690186e-01
-4.940592050552368164e-01	1.715684384107589722e-01	-4.553322196006774902e-01
-5.123571753501892090e-01	1.520655900239944458e-01	-4.459917545318603516e-01
-5.173403024673461914e-01	1.353625506162643433e-01	-4.044398069381713867e-01
-5.225123763084411621e-01	1.254205703735351562e-01	-3.540333807468414307e-01
-5.026761293411254883e-01	1.251208037137985229e-01	-2.861051559448242188e-01
-4.987276792526245117e-01	1.228256672620773315e-01	-2.425908744335174561e-01
-4.652816057205200195e-01	1.229954287409782410e-01	-1.879022866487503052e-01
-4.585980474948883057e-01	1.202233880758285522e-01	-1.408141553401947021e-01
-4.526478350162506104e-01	1.153713539242744446e-01	-8.657173067331314087e-02
-4.641718864440917969e-01	1.220041811466217041e-01	-4.531275853514671326e-02
-4.649846553802490234e-01	1.265129297971725464e-01	-1.693838648498058319e-02
-4.564694166183471680e-01	1.213499903678894043e-01	-3.494046861305832863e-03
-4.634781181812286377e-01	9.986922889947891235e-02	5.492836236953735352e-03
-4.496630132198333740e-01	9.688378125429153442e-02	1.540604233741760254e-02
-4.580312669277191162e-01	9.568803012371063232e-02	2.900998480618000031e-02
-4.781165421009063721e-01	9.365320950746536255e-02	5.665793269872665405e-02
-5.103025436401367188e-01	9.907822310924530029e-02	8.469267934560775757e-02
-5.409424901008605957e-01	7.677628844976425171e-02	1.072270944714546204e-01
-5.515884757041931152e-01	4.324113577604293823e-02	1.165748983621597290e-01
-5.495188236236572266e-01	1.636896468698978424e-02	1.210566163063049316e-01
-5.376428961753845215e-01	8.305261842906475067e-03	1.335072517395019531e-01
-5.042330622673034668e-01	2.298905514180660248e-02	1.322358995676040649e-01
-4.876680374145507812e-01	2.921209670603275299e-03	1.350709348917007446e-01
-4.785907268524169922e-01	-4.727341979742050171e-02	1.564004421234130859e-01
-4.880330264568328857e-01	-8.809801936149597168e-02	1.713418811559677124e-01
-5.000918507575988770e-01	-9.266421198844909668e-02	2.041622549295425415e-01
-4.978522360324859619e-01	-9.560482949018478394e-02	2.228399217128753662e-01
-4.907788038253784180e-01	-8.938003331422805786e-02	2.474288791418075562e-01
-4.837110936641693115e-01	-7.301606982946395874e-02	2.563107013702392578e-01
-4.769545793533325195e-01	-4.915479570627212524e-02	2.668984532356262207e-01
-4.720199406147003174e-01	-3.852669149637222290e-02	2.526597082614898682e-01
-4.827551841735839844e-01	-4.331749677658081055e-02	2.461231946945190430e-01
-4.985916316509246826e-01	-3.660397604107856750e-02	2.362497001886367798e-01
-5.063967704772949219e-01	-5.651637539267539978e-02	2.012379765510559082e-01
-5.056515336036682129e-01	-7.664374262094497681e-02	1.736218035221099854e-01
-4.966498911380767822e-01	-9.891026467084884644e-02	1.466679424047470093e-01
-4.745873510837554932e-01	-1.147211268544197083e-01	1.260738372802734375e-01
-4.562788903713226318e-01	-1.138253584504127502e-01	1.201955676078796387e-01
-4.495263993740081787e-01	-1.000980362296104431e-01	1.161675676703453064e-01
-4.378041028976440430e-01	-9.214889258146286011e-02	1.090050265192985535e-01
-4.184792637825012207e-01	-8.597317337989807129e-02	1.122933477163314819e-01
-3.941703736782073975e-01	-9.596244245767593384e-02	1.022996455430984497e-01
-3.509727120399475098e-01	-1.060213819146156311e-01	8.743806183338165283e-02
-3.339943885803222656e-01	-1.129654496908187866e-01	5.920605733990669250e-02
-3.085919320583343506e-01	-1.118319258093833923e-01	4.422186687588691711e-02
-2.964390218257904053e-01	-9.683750569820404053e-02	3.213027492165565491e-02
-2.724120616912841797e-01	-8.718679845333099365e-02	1.932504400610923767e-02
-2.601951360702514648e-01	-6.689672172069549561e-02	1.127494778484106064e-02
-2.504896521568298340e-01	-4.353919997811317444e-02	6.856182590126991272e-03
-2.373371869325637817e-01	1.488101435825228691e-03	2.116459980607032776e-02
-2.231611460447311401e-01	3.423441434279084206e-03	1.321249175816774368e-02
-2.153276950120925903e-01	7.711186539381742477e-03	1.491213962435722351e-02
-2.102961093187332153e-01	6.983053404837846756e-03	2.461063675582408905e-02
-2.123568952083587646e-01	8.747312240302562714e-03	4.065189510583877563e-02
-1.843383014202117920e-01	2.310943044722080231e-02	3.721233457326889038e-02
-1.367956250905990601e-01	3.366935998201370239e-02	1.207133941352367401e-02
-9.482242166996002197e-02	4.508612677454948425e-02	-3.023849567398428917e-03
-6.967434287071228027e-02	5.514268949627876282e-02	-1.223692763596773148e-02
-7.393038272857666016e-02	7.863799482583999634e-02	-1.802157424390316010e-02
-9.243093430995941162e-02	8.630908280611038208e-02	-3.920201212167739868e-02
-9.751763194799423218e-02	8.973329514265060425e-02	-5.037599056959152222e-02
-8.811940252780914307e-02	8.762534707784652710e-02	-6.516907364130020142e-02
-8.744844794273376465e-02	9.567915648221969604e-02	-6.035282462835311890e-02
-9.730563312768936157e-02	8.799117058515548706e-02	-4.306221753358840942e-02
-1.041225194931030273e-01	8.644138276576995850e-02	-3.129038587212562561e-02
-9.859348833560943604e-02	8.719047158956527710e-02	-1.895408704876899719e-02
-8.411590009927749634e-02	9.442228823900222778e-02	-1.649999991059303284e-02
-7.235481590032577515e-02	8.103843033313751221e-02	-7.151511497795581818e-03
-8.470019698143005371e-02	6.572231650352478027e-02	5.568006075918674469e-03
-1.046549081802368164e-01	4.857903346419334412e-02	1.410100609064102173e-02
-1.278852075338363647e-01	3.777265921235084534e-02	2.225906588137149811e-02
-1.512280702590942383e-01	3.172396495938301086e-02	1.792870834469795227e-02
-1.605782210826873779e-01	3.336231410503387451e-02	1.628434285521507263e-02
-1.692663580179214478e-01	5.207474529743194580e-02	6.567689124494791031e-03
-1.555041521787643433e-01	5.529261007905006409e-02	2.963576093316078186e-02
-1.651983261108398438e-01	6.558795273303985596e-02	3.225196897983551025e-02
-1.656472533941268921e-01	6.493388116359710693e-02	3.854135423898696899e-02
-1.559328138828277588e-01	7.060100138187408447e-02	3.787585347890853882e-02
-1.230841204524040222e-01	7.243651896715164185e-02	3.873543068766593933e-02
-1.022340655326843262e-01	7.726424932479858398e-02	5.208588391542434692e-02
-3.902833908796310425e-02	3.708455339074134827e-02	2.637692494317889214e-03
-9.435258805751800537e-02	6.194378435611724854e-02	9.959386289119720459e-02
-1.203777268528938293e-01	6.650332361459732056e-02	1.565131396055221558e-01
-1.345721930265426636e-01	4.059350863099098206e-02	1.857687830924987793e-01
-1.426441222429275513e-01	2.379480190575122833e-02	2.119096219539642334e-01
-1.680203527212142944e-01	2.873846888542175293e-02	2.278003096580505371e-01
-2.092182487249374390e-01	5.776447802782058716e-02	2.425681352615356445e-01
-2.640720307826995850e-01	9.018295258283615112e-02	2.399597913026809692e-01
-2.970095872879028320e-01	1.275716125965118408e-01	2.377517521381378174e-01
-3.105087876319885254e-01	1.669993549585342407e-01	2.304407060146331787e-01
-3.120316863059997559e-01	2.034014463424682617e-01	2.281220108270645142e-01
-3.063073456287384033e-01	2.469489574432373047e-01	2.396624982357025146e-01
-3.101460933685302734e-01	2.911170423030853271e-01	2.648231983184814453e-01
-3.231358826160430908e-01	3.264195621013641357e-01	2.973628938198089600e-01
-3.437929451465606689e-01	3.402778804302215576e-01	3.317719101905822754e-01
-3.410351276397705078e-01	3.470427095890045166e-01	3.452197015285491943e-01
-3.417104184627532959e-01	3.688196539878845215e-01	3.481585383415222168e-01
-3.263883292675018311e-01	4.083918929100036621e-01	3.149620890617370605e-01
-3.153851926326751709e-01	4.282294511795043945e-01	2.687526345252990723e-01
-3.072365820407867432e-01	4.300543367862701416e-01	2.498072534799575806e-01
-3.093127906322479248e-01	4.257391095161437988e-01	2.490061372518539429e-01
-2.932852804660797119e-01	4.030527174472808838e-01	2.486798912286758423e-01
-2.560067772865295410e-01	3.689353168010711670e-01	2.292881458997726440e-01
-2.505417764186859131e-01	3.347010612487792969e-01	2.310487329959869385e-01
-2.566153407096862793e-01	3.262191414833068848e-01	2.374838888645172119e-01
-2.586138844490051270e-01	3.124313354492187500e-01	2.242852598428726196e-01
-2.665153443813323975e-01	2.985419631004333496e-01	2.274189442396163940e-01
-2.430712580680847168e-01	2.746134400367736816e-01	2.196767926216125488e-01
-2.217578440904617310e-01	2.355597168207168579e-01	2.157106846570968628e-01
-1.981523931026458740e-01	2.015725076198577881e-01	1.902860999107360840e-01
-1.702621579170227051e-01	1.534241139888763428e-01	1.569813042879104614e-01
-1.640198677778244019e-01	1.371884942054748535e-01	1.356240808963775635e-01
-1.552238017320632935e-01	1.273588091135025024e-01	1.231506541371345520e-01
-1.376261115074157715e-01	1.194705367088317871e-01	1.106197759509086609e-01
-1.176431477069854736e-01	9.925638884305953979e-02	1.214941069483757019e-01
-9.767274558544158936e-02	1.137966811656951904e-01	1.311555802822113037e-01
-8.691751956939697266e-02	1.030466035008430481e-01	1.425897181034088135e-01
-2.654484286904335022e-02	3.884524106979370117e-02	5.191409215331077576e-02
-7.794914767146110535e-03	1.511003170162439346e-02	1.879750378429889679e-02
-2.686305204406380653e-03	4.660279490053653717e-03	4.869027528911828995e-03
-2.033481141552329063e-03	1.748579670675098896e-04	-1.015803427435457706e-03
-2.532250480726361275e-03	-1.669064280577003956e-03	-3.560573095455765724e-03
3.651431761682033539e-03	3.366629779338836670e-02	1.739164255559444427e-02
9.693461470305919647e-03	4.328757524490356445e-02	1.819871179759502411e-02
3.183308988809585571e-02	3.980313241481781006e-02	2.816783264279365540e-02
3.697001188993453979e-02	2.362668514251708984e-02	3.339454531669616699e-02
4.439678043127059937e-02	1.763433031737804413e-02	4.654626548290252686e-02
5.779208242893218994e-02	-3.293944988399744034e-03	5.104919150471687317e-02
2.547994069755077362e-02	-9.372405707836151123e-03	3.553530201315879822e-02
6.156465038657188416e-02	-3.106373362243175507e-02	3.115210682153701782e-02
8.045831322669982910e-02	-5.273390188813209534e-02	3.178662434220314026e-02
7.803602516651153564e-02	-6.115905195474624634e-02	3.889472410082817078e-02
4.005139693617820740e-02	-6.549222022294998169e-02	4.586758837103843689e-02
-7.463846821337938309e-03	-7.380499690771102905e-02	5.121674388647079468e-02
-3.076707385480403900e-02	-7.922114431858062744e-02	5.894259363412857056e-02
1.268677040934562683e-02	-9.741952270269393921e-02	7.706074416637420654e-02
5.648693814873695374e-02	-8.883115649223327637e-02	9.748550504446029663e-02
8.387473225593566895e-02	-8.058234304189682007e-02	1.153817400336265564e-01
7.294956594705581665e-02	-7.561391592025756836e-02	1.352844238281250000e-01
5.913854017853736877e-02	-8.025592565536499023e-02	1.523393243551254272e-01
4.440016672015190125e-02	-8.331701904535293579e-02	1.683077961206436157e-01
4.461498931050300598e-02	-8.005226403474807739e-02	1.957100331783294678e-01
3.201301395893096924e-02	-8.397329598665237427e-02	2.204614579677581787e-01
2.147164195775985718e-02	-8.229359984397888184e-02	2.373311221599578857e-01
2.084196545183658600e-02	-8.726780116558074951e-02	2.486070692539215088e-01
4.171220585703849792e-02	-9.611812233924865723e-02	2.638990879058837891e-01
7.840692996978759766e-02	-1.054010838270187378e-01	2.873181402683258057e-01
1.112199202179908752e-01	-1.093714684247970581e-01	3.181551396846771240e-01
1.433323323726654053e-01	-1.206971108913421631e-01	3.436335027217864990e-01
1.526800841093063354e-01	-1.267792433500289917e-01	3.622065186500549316e-01
1.486002802848815918e-01	-1.353953927755355835e-01	3.580151498317718506e-01
1.339060068130493164e-01	-1.271532177925109863e-01	3.297077417373657227e-01
1.195938438177108765e-01	-1.084438636898994446e-01	2.955297231674194336e-01
1.082504466176033020e-01	-8.649948239326477051e-02	2.629995644092559814e-01
9.317150712013244629e-02	-7.404579967260360718e-02	2.343775033950805664e-01
8.695254474878311157e-02	-7.215791195631027222e-02	2.110556364059448242e-01
8.459961414337158203e-02	-6.175166368484497070e-02	1.983489245176315308e-01
9.790115803480148315e-02	-5.790828540921211243e-02	1.683481782674789429e-01
1.135391965508460999e-01	-5.687270313501358032e-02	1.502182632684707642e-01
1.160093918442726135e-01	-6.389140337705612183e-02	1.332859098911285400e-01
1.013802364468574524e-01	-6.700275838375091553e-02	1.314208954572677612e-01
7.761966437101364136e-02	-7.955208420753479004e-02	1.400585919618606567e-01
5.074643716216087341e-02	-8.809018880128860474e-02	1.419765055179595947e-01
3.390464559197425842e-02	-8.207586407661437988e-02	1.459917426109313965e-01
2.989020943641662598e-02	-6.289573758840560913e-02	1.427233666181564331e-01
4.523907974362373352e-02	-4.841316491365432739e-02	1.376852542161941528e-01
6.113264709711074829e-02	-2.730119787156581879e-02	1.386435925960540771e-01
6.935418397188186646e-02	-1.361476257443428040e-02	1.072657778859138489e-01
6.707547605037689209e-02	-1.527461409568786621e-02	8.474256098270416260e-02
5.456336587667465210e-02	-2.090942673385143280e-02	7.330106943845748901e-02
6.192488968372344971e-02	-2.886075526475906372e-02	7.330464571714401245e-02
7.082701474428176880e-02	-3.874274343252182007e-02	7.364052534103393555e-02
9.262327104806900024e-02	-3.783833235502243042e-02	7.123892009258270264e-02
9.894397109746932983e-02	-2.411477081477642059e-02	8.828151971101760864e-02
9.327436238527297974e-02	-2.534018596634268761e-03	1.057811826467514038e-01
7.476424425840377808e-02	1.349309924989938736e-02	1.259157806634902954e-01
9.160079061985015869e-02	2.265466377139091492e-02	1.352658718824386597e-01
1.033260300755500793e-01	2.663827687501907349e-02	1.287465989589691162e-01
1.097318232059478760e-01	2.747274003922939301e-02	1.099610254168510437e-01
1.006632372736930847e-01	1.537900767289102077e-03	8.575461059808731079e-02
9.516053646802902222e-02	-1.340941060334444046e-02	7.842790335416793823e-02
7.002272456884384155e-02	-3.396150097250938416e-02	5.623055249452590942e-02
4.056759923696517944e-02	-4.126852750778198242e-02	1.978268660604953766e-02
1.751468703150749207e-02	-5.367098376154899597e-02	1.218398567289113998e-02
1.111472118645906448e-02	-5.336171388626098633e-02	1.449672039598226547e-02
5.486392416059970856e-03	-5.513589829206466675e-02	4.072443768382072449e-02
6.975862663239240646e-03	-4.998419433832168579e-02	6.723546236753463745e-02
5.263384431600570679e-03	-4.943414777517318726e-02	9.140093624591827393e-02
-9.720495902001857758e-03	-2.778793312609195709e-02	7.308545708656311035e-02
1.551703549921512604e-02	-3.936796262860298157e-02	1.063070967793464661e-01
3.400720283389091492e-02	-4.342322424054145813e-02	1.287814080715179443e-01
4.826358705759048462e-02	-4.273508489131927490e-02	1.290988922119140625e-01
5.099276080727577209e-02	-3.035360947251319885e-02	1.190196126699447632e-01
3.399601951241493225e-02	-6.659541744738817215e-03	9.782105684280395508e-02
4.017016664147377014e-02	3.693213686347007751e-03	6.530058383941650391e-02
5.095148086547851562e-02	8.722801430849358439e-05	2.481459639966487885e-02
6.078897416591644287e-02	4.991246387362480164e-03	5.745569244027137756e-03
5.717940628528594971e-02	2.095778100192546844e-02	4.969213157892227173e-03
5.429594963788986206e-02	3.671333938837051392e-02	-4.034597426652908325e-03
6.269694119691848755e-02	5.469888821244239807e-02	-2.006914652884006500e-02
6.471695005893707275e-02	6.009362265467643738e-02	-5.689783487468957901e-03
7.552728056907653809e-02	5.537237226963043213e-02	6.913176272064447403e-03
9.549790620803833008e-02	4.535910487174987793e-02	1.830502040684223175e-02
1.011238396167755127e-01	3.332908824086189270e-02	3.065192699432373047e-02
1.130804792046546936e-01	3.971601277589797974e-02	5.622208490967750549e-02
1.122547313570976257e-01	3.373975679278373718e-02	6.532052159309387207e-02
1.042393147945404053e-01	1.837169751524925232e-02	6.174224615097045898e-02
8.360737562179565430e-02	5.505600478500127792e-03	5.805515125393867493e-02
9.548971801996231079e-02	7.749316748231649399e-03	3.628418967127799988e-02
1.131612658500671387e-01	2.773205051198601723e-04	2.296820469200611115e-02
1.536818593740463257e-01	-1.883106306195259094e-02	9.279645048081874847e-03
1.684867292642593384e-01	-3.956469893455505371e-02	1.519862748682498932e-02
1.613451689481735229e-01	-6.212212145328521729e-02	3.464689105749130249e-02
1.424958407878875732e-01	-7.417806982994079590e-02	6.133312359452247620e-02
1.270143538713455200e-01	-8.707709610462188721e-02	6.962225586175918579e-02
1.202538758516311646e-01	-8.389291912317276001e-02	7.169453054666519165e-02
1.141439899802207947e-01	-7.562012225389480591e-02	6.968136131763458252e-02
9.631969779729843140e-02	-7.151390612125396729e-02	7.575384527444839478e-02
7.837270945310592651e-02	-6.916981935501098633e-02	7.528926432132720947e-02
7.002968341112136841e-02	-6.217379122972488403e-02	6.851311773061752319e-02
6.049590185284614563e-02	-5.102440714836120605e-02	6.291816383600234985e-02
5.103281140327453613e-02	-4.951833561062812805e-02	6.490098685026168823e-02
5.807849392294883728e-02	-4.133017733693122864e-02	6.039779260754585266e-02
5.899729952216148376e-02	-3.414307534694671631e-02	5.316988006234169006e-02
6.300751864910125732e-02	-1.020531728863716125e-02	4.381942003965377808e-02
4.783602058887481689e-02	-6.596966180950403214e-03	4.615576192736625671e-02
5.252980813384056091e-02	-5.895869340747594833e-03	5.169388279318809509e-02
6.178713217377662659e-02	-1.329021342098712921e-02	6.960666924715042114e-02
7.651937007904052734e-02	-1.234778109937906265e-02	7.942936569452285767e-02
8.762694150209426880e-02	-6.781929172575473785e-03	8.670384436845779419e-02
1.038469895720481873e-01	1.263738144189119339e-02	8.835795521736145020e-02
1.273766607046127319e-01	4.746988415718078613e-02	1.022199019789695740e-01
1.482917219400405884e-01	8.279284834861755371e-02	1.153654679656028748e-01
1.665900349617004395e-01	1.021406725049018860e-01	1.119301393628120422e-01
1.667882502079010010e-01	1.135898977518081665e-01	9.706384688615798950e-02
1.579161286354064941e-01	1.258083432912826538e-01	5.756453424692153931e-02
1.429228335618972778e-01	1.213352456688880920e-01	1.940791495144367218e-02
1.320964992046356201e-01	1.157899200916290283e-01	-7.872588932514190674e-03
1.293265819549560547e-01	1.009393483400344849e-01	-5.211380776017904282e-03
1.359283924102783203e-01	1.002968773245811462e-01	1.270121056586503983e-02
1.497422009706497192e-01	1.054137349128723145e-01	2.488186955451965332e-02
1.600043624639511108e-01	9.920255094766616821e-02	2.806937508285045624e-02
1.622350662946701050e-01	9.079360961914062500e-02	3.402366861701011658e-02
1.503289937973022461e-01	7.986190170049667358e-02	4.041385278105735779e-02
1.404868066310882568e-01	8.418416231870651245e-02	1.933374069631099701e-02
1.290619969367980957e-01	8.106383681297302246e-02	-3.100991947576403618e-03
1.313437074422836304e-01	8.002273738384246826e-02	-1.103926450014114380e-02
1.354893594980239868e-01	6.188555806875228882e-02	1.071658683940768242e-03
1.281594336032867432e-01	4.442827776074409485e-02	2.118478342890739441e-02
1.153441518545150757e-01	3.116403706371784210e-02	3.869966417551040649e-02
1.157335191965103149e-01	3.771366178989410400e-02	6.556893885135650635e-02
1.184075549244880676e-01	3.692682459950447083e-02	8.535104990005493164e-02
1.118242219090461731e-01	2.503907307982444763e-02	1.018831729888916016e-01
9.779280424118041992e-02	3.109947964549064636e-02	1.172857508063316345e-01
7.894920557737350464e-02	4.155174642801284790e-02	1.215812787413597107e-01
7.140084356069564819e-02	5.932086333632469177e-02	1.212749481201171875e-01
6.270290166139602661e-02	6.818448007106781006e-02	1.218600571155548096e-01
5.846466496586799622e-02	6.704838573932647705e-02	1.180084273219108582e-01
3.847077488899230957e-02	3.639577329158782959e-02	1.096733957529067993e-01
1.520073879510164261e-02	4.142981197219341993e-05	1.045594960451126099e-01
-9.180151857435703278e-03	-2.377941459417343140e-02	9.156242758035659790e-02
-2.385405637323856354e-02	-2.043738588690757751e-02	8.127522468566894531e-02
-3.242848813533782959e-02	6.176296737976372242e-04	5.451497063040733337e-02
-3.518911451101303101e-02	2.834170311689376831e-02	3.747602179646492004e-02
-3.319347649812698364e-02	3.229833021759986877e-02	2.085664123296737671e-02
-4.473289102315902710e-02	1.794226653873920441e-02	2.470839954912662506e-02
-6.001153588294982910e-02	1.633414300158619881e-03	1.953662186861038208e-02
-6.147294491529464722e-02	-1.880391687154769897e-02	1.059150416404008865e-02
-4.264059290289878845e-02	-2.492817305028438568e-02	7.705616764724254608e-03
-2.688039094209671021e-02	-2.576517872512340546e-02	3.170450916513800621e-03
-3.329876065254211426e-02	-1.151964720338582993e-02	1.769125810824334621e-03
-3.133437037467956543e-02	7.129806093871593475e-03	5.461717490106821060e-03
-2.853969857096672058e-02	2.514325641095638275e-02	3.451652824878692627e-02
-1.245530880987644196e-02	4.866557940840721130e-02	4.473870992660522461e-02
-3.516497672535479069e-04	4.764357581734657288e-02	4.359231516718864441e-02
6.119266618043184280e-03	4.758058488368988037e-02	1.724983006715774536e-02
1.457946747541427612e-02	3.617412969470024109e-02	1.717824372462928295e-03
2.358982153236865997e-02	2.427244186401367188e-02	-9.131481871008872986e-03
2.632753923535346985e-02	1.764209382236003876e-02	-1.154414098709821701e-02
1.556483656167984009e-02	5.810426082462072372e-03	-1.329283788800239563e-02
7.587269879877567291e-03	5.421532550826668739e-04	-1.196099631488323212e-02
2.498357789590954781e-03	-1.528477529063820839e-03	-1.013882737606763840e-02
-4.981386591680347919e-04	-2.285695634782314301e-03	-8.696189150214195251e-03
-6.579625885933637619e-03	7.349927444010972977e-03	-1.703909970819950104e-02
8.608177304267883301e-04	1.534827426075935364e-02	-2.756094187498092651e-02
6.614980753511190414e-03	1.651224493980407715e-02	-4.012901335954666138e-02
2.143634483218193054e-03	2.065723761916160583e-02	-3.322904556989669800e-02
-3.484463784843683243e-03	1.261233258992433548e-02	-1.823557727038860321e-02
-1.991324126720428467e-02	-8.141648955643177032e-03	2.172321826219558716e-02
-2.923966757953166962e-02	-2.446145191788673401e-02	5.922282859683036804e-02
-2.884519472718238831e-02	-2.684460207819938660e-02	8.144384622573852539e-02
-2.527554705739021301e-02	-1.855310052633285522e-02	9.069736301898956299e-02
-1.707674749195575714e-02	-3.414363414049148560e-02	9.105908870697021484e-02
-1.851596310734748840e-02	-5.827000737190246582e-02	9.208321571350097656e-02
-2.377822436392307281e-02	-7.440020143985748291e-02	8.928027749061584473e-02
-4.595155641436576843e-02	-7.395501434803009033e-02	9.429376572370529175e-02
-6.062909588217735291e-02	-5.506802722811698914e-02	9.296409785747528076e-02
-6.406169384717941284e-02	-4.686585813760757446e-02	8.559800684452056885e-02
-5.817600339651107788e-02	-4.181175678968429565e-02	7.372659444808959961e-02
-7.256933301687240601e-02	-2.784979343414306641e-02	8.605259656906127930e-02
-7.871189713478088379e-02	2.150394488126039505e-03	1.018244102597236633e-01
-7.033202052116394043e-02	1.223765779286623001e-02	1.297391504049301147e-01
-4.352312907576560974e-02	2.832315675914287567e-02	1.623972207307815552e-01
-2.014098130166530609e-02	4.014836251735687256e-02	1.809097081422805786e-01
-3.250175854191184044e-03	4.282272979617118835e-02	1.711633503437042236e-01
-1.531942514702677727e-03	3.368818387389183044e-02	1.509510278701782227e-01
-5.082227289676666260e-04	2.220023237168788910e-02	1.365517377853393555e-01
5.965616088360548019e-03	3.136884793639183044e-02	1.285124123096466064e-01
1.636114344000816345e-02	3.214699029922485352e-02	1.004044190049171448e-01
1.816580258309841156e-02	3.360349312424659729e-02	7.305707782506942749e-02
1.758661121129989624e-02	4.597611352801322937e-02	6.600043177604675293e-02
1.578305475413799286e-02	4.985037818551063538e-02	5.638002976775169373e-02
3.211795538663864136e-02	2.641469426453113556e-02	5.198999866843223572e-02
3.682108595967292786e-02	1.156143099069595337e-02	5.869276821613311768e-02
4.268432781100273132e-02	7.756234146654605865e-03	7.205699384212493896e-02
4.213409870862960815e-02	2.533354854676872492e-04	9.013440459966659546e-02
5.186853185296058655e-02	-1.287173852324485779e-02	1.033478528261184692e-01
5.942626670002937317e-02	-1.607293263077735901e-02	1.202833205461502075e-01
7.671179622411727905e-02	1.072670682333409786e-03	1.325903832912445068e-01
8.089824765920639038e-02	1.127190701663494110e-02	1.426512151956558228e-01
6.901071220636367798e-02	-7.479945197701454163e-03	1.340566575527191162e-01
2.533139660954475403e-02	-3.963471576571464539e-02	1.181619912385940552e-01
-1.699562184512615204e-02	-5.818487331271171570e-02	1.031751260161399841e-01
-4.708025977015495300e-02	-8.478057384490966797e-02	8.948605507612228394e-02
-5.963509529829025269e-02	-8.605258911848068237e-02	8.462390303611755371e-02
-6.914110481739044189e-02	-8.684754371643066406e-02	8.186377584934234619e-02
-7.731334120035171509e-02	-8.252765238285064697e-02	8.238714933395385742e-02
-6.754811108112335205e-02	-9.376087039709091187e-02	7.587842643260955811e-02
-4.795530438423156738e-02	-1.068807542324066162e-01	6.513333320617675781e-02
-3.120816312730312347e-02	-1.076457723975181580e-01	6.157456710934638977e-02
-2.023404091596603394e-02	-9.006455540657043457e-02	7.300873100757598877e-02
-1.527654845267534256e-02	-7.785698771476745605e-02	7.855927944183349609e-02
-1.333239953964948654e-02	-3.856645151972770691e-02	1.188264265656471252e-01
-1.443454343825578690e-02	-1.985018700361251831e-02	1.526129841804504395e-01
-2.260400680825114250e-03	-1.802910491824150085e-02	1.564054638147354126e-01
6.542155519127845764e-03	-2.149015665054321289e-02	1.675914973020553589e-01
7.433813530951738358e-03	-3.738065809011459351e-02	1.765960603952407837e-01
-4.069967195391654968e-03	-6.027429550886154175e-02	1.916022300720214844e-01
-1.635612547397613525e-02	-8.788176625967025757e-02	1.920570135116577148e-01
-3.804183378815650940e-02	-1.025725901126861572e-01	1.886303722858428955e-01
-7.357164472341537476e-02	-1.030427739024162292e-01	1.947982162237167358e-01
-1.104558184742927551e-01	-1.062063202261924744e-01	1.972552686929702759e-01
-1.203537210822105408e-01	-1.213835775852203369e-01	1.973542571067810059e-01
-1.220158785581588745e-01	-1.241177991032600403e-01	1.867907494306564331e-01
-9.898223727941513062e-02	-1.214967519044876099e-01	1.872284114360809326e-01
-9.026332199573516846e-02	-1.196944564580917358e-01	1.788056790828704834e-01
-7.919421046972274780e-02	-1.251444071531295776e-01	1.715235561132431030e-01
-8.636349439620971680e-02	-1.236442178487777710e-01	1.954601854085922241e-01
-9.295336157083511353e-02	-1.075030714273452759e-01	2.289551198482513428e-01
-8.824332803487777710e-02	-1.012019887566566467e-01	2.526583671569824219e-01
-7.992198318243026733e-02	-9.267392754554748535e-02	2.613138854503631592e-01
-6.299283355474472046e-02	-9.459055960178375244e-02	2.689675986766815186e-01
-5.366812646389007568e-02	-1.028444170951843262e-01	2.806708514690399170e-01
-4.732156544923782349e-02	-1.145083680748939514e-01	2.831930816173553467e-01
-4.495043680071830750e-02	-1.217539310455322266e-01	2.618388831615447998e-01
-4.691516980528831482e-02	-1.452496051788330078e-01	2.421246170997619629e-01
-4.028731584548950195e-02	-1.844585686922073364e-01	2.288065552711486816e-01
-2.988005802035331726e-02	-2.027844935655593872e-01	2.292515933513641357e-01
-3.325881436467170715e-02	-2.153628319501876831e-01	2.434622198343276978e-01
-4.187446832656860352e-02	-2.207045555114746094e-01	2.702487111091613770e-01
-3.615154325962066650e-02	-2.497774660587310791e-01	2.974209487438201904e-01
-2.557887509465217590e-02	-2.833199799060821533e-01	3.255881369113922119e-01
2.288581104949116707e-03	-2.976660728454589844e-01	3.430352807044982910e-01
2.865003980696201324e-02	-3.092815577983856201e-01	3.600075244903564453e-01
7.019519805908203125e-02	-3.078702092170715332e-01	3.700887262821197510e-01
8.792909979820251465e-02	-3.209783732891082764e-01	3.728923201560974121e-01
9.091896563768386841e-02	-3.388632237911224365e-01	3.825694322586059570e-01
9.467379748821258545e-02	-3.674327433109283447e-01	3.942341804504394531e-01
1.043979451060295105e-01	-3.924259245395660400e-01	4.144111871719360352e-01
1.216133683919906616e-01	-4.004636108875274658e-01	4.348128736019134521e-01
1.397409886121749878e-01	-4.028826951980590820e-01	4.630252718925476074e-01
1.359443813562393188e-01	-3.956334292888641357e-01	4.861051142215728760e-01
1.366623491048812866e-01	-4.075140655040740967e-01	5.048862695693969727e-01
1.460408866405487061e-01	-4.353474974632263184e-01	5.120839476585388184e-01
1.576948910951614380e-01	-4.673159718513488770e-01	5.106687545776367188e-01
1.638580709695816040e-01	-4.888759553432464600e-01	5.123920440673828125e-01
1.537473797798156738e-01	-4.813053905963897705e-01	5.177529454231262207e-01
1.337660551071166992e-01	-4.546144306659698486e-01	5.243899822235107422e-01
1.070408374071121216e-01	-4.129559099674224854e-01	5.299081802368164062e-01
9.979742765426635742e-02	-4.074427187442779541e-01	5.223938226699829102e-01
1.140372231602668762e-01	-3.998364210128784180e-01	5.162402391433715820e-01
1.416817754507064819e-01	-4.140992462635040283e-01	5.196582078933715820e-01
1.549081504344940186e-01	-4.309021234512329102e-01	5.239014029502868652e-01
1.600369065999984741e-01	-4.552741646766662598e-01	5.243500471115112305e-01
1.489572823047637939e-01	-4.582744240760803223e-01	5.291193723678588867e-01
1.369793564081192017e-01	-4.453540742397308350e-01	5.335938334465026855e-01
1.266420185565948486e-01	-4.442522525787353516e-01	5.401403307914733887e-01
1.183308362960815430e-01	-4.596798121929168701e-01	5.450079441070556641e-01
9.851842373609542847e-02	-4.909225404262542725e-01	5.448341369628906250e-01
7.543181627988815308e-02	-5.015612840652465820e-01	5.438648462295532227e-01
4.738243296742439270e-02	-5.022032856941223145e-01	5.492928028106689453e-01
2.173152007162570953e-02	-4.667864441871643066e-01	5.410695075988769531e-01
1.749693602323532104e-02	-4.378467202186584473e-01	5.389006733894348145e-01
4.661405086517333984e-02	-4.300767779350280762e-01	5.319586396217346191e-01
7.171942293643951416e-02	-4.109123349189758301e-01	5.451702475547790527e-01
9.019681066274642944e-02	-3.942022621631622314e-01	5.565283298492431641e-01
1.040351837873458862e-01	-3.648239076137542725e-01	5.555707812309265137e-01
1.210745871067047119e-01	-3.341298997402191162e-01	5.541826486587524414e-01
1.217482909560203552e-01	-3.156436681747436523e-01	5.612627267837524414e-01
1.128843352198600769e-01	-2.912422716617584229e-01	5.780224204063415527e-01
1.114892959594726562e-01	-2.757050693035125732e-01	5.944672226905822754e-01
1.174106448888778687e-01	-2.942279577255249023e-01	6.041710972785949707e-01
1.273192018270492554e-01	-3.098389804363250732e-01	6.240099072456359863e-01
1.174687445163726807e-01	-3.166608810424804688e-01	6.403691768646240234e-01
1.147707626223564148e-01	-3.040782511234283447e-01	6.534545421600341797e-01
1.205983534455299377e-01	-2.949792146682739258e-01	6.663451194763183594e-01
1.586569100618362427e-01	-2.951132059097290039e-01	7.046994566917419434e-01
1.913865208625793457e-01	-2.907639741897583008e-01	7.256568670272827148e-01
2.147842943668365479e-01	-2.862059473991394043e-01	7.325525879859924316e-01
2.376279532909393311e-01	-2.878035008907318115e-01	7.492095828056335449e-01
2.505093812942504883e-01	-2.853109240531921387e-01	7.682378888130187988e-01
2.624735236167907715e-01	-2.706449627876281738e-01	7.854140400886535645e-01
2.525306940078735352e-01	-2.240422666072845459e-01	8.008688688278198242e-01
2.259967923164367676e-01	-1.631303429603576660e-01	8.011952042579650879e-01
2.219367474317550659e-01	-1.310157626867294312e-01	8.027842640876770020e-01
2.453068345785140991e-01	-1.158604323863983154e-01	7.976045012474060059e-01
2.644978165626525879e-01	-1.134185865521430969e-01	8.046661615371704102e-01
2.628440558910369873e-01	-1.205261871218681335e-01	7.999670505523681641e-01
2.493444383144378662e-01	-1.395975649356842041e-01	7.845720648765563965e-01
2.538977861404418945e-01	-1.733651012182235718e-01	7.726061344146728516e-01
2.543039619922637939e-01	-1.991910636425018311e-01	7.609065175056457520e-01
2.255242466926574707e-01	-2.236932218074798584e-01	7.427589893341064453e-01
1.854382604360580444e-01	-2.388494759798049927e-01	7.189070582389831543e-01
1.405490040779113770e-01	-2.324333935976028442e-01	6.965658664703369141e-01
1.085613593459129333e-01	-2.208688110113143921e-01	6.828895807266235352e-01
9.441124647855758667e-02	-2.030300199985504150e-01	6.751906871795654297e-01
9.294179826974868774e-02	-1.928205788135528564e-01	6.885789632797241211e-01
9.825807809829711914e-02	-1.679501831531524658e-01	6.868309378623962402e-01
1.396373361349105835e-01	-9.618847072124481201e-02	6.998986005783081055e-01
2.022118270397186279e-01	-2.818216197192668915e-02	7.064635753631591797e-01
2.622161209583282471e-01	2.603099308907985687e-02	7.079719901084899902e-01
3.050767183303833008e-01	6.085323169827461243e-02	6.960373520851135254e-01
3.098340630531311035e-01	7.687245309352874756e-02	6.705036759376525879e-01
3.064242601394653320e-01	8.399876207113265991e-02	6.303132176399230957e-01
2.985857427120208740e-01	8.551923185586929321e-02	5.966105461120605469e-01
2.981381416320800781e-01	9.576787054538726807e-02	5.752820372581481934e-01
2.971670925617218018e-01	1.030384451150894165e-01	5.575146675109863281e-01
2.990847527980804443e-01	1.223101019859313965e-01	5.317765474319458008e-01
3.134761154651641846e-01	9.043753147125244141e-02	4.984559118747711182e-01
3.234859108924865723e-01	7.244993001222610474e-02	4.706386029720306396e-01
3.303101062774658203e-01	4.868911579251289368e-02	4.478137195110321045e-01
3.353619873523712158e-01	3.849608823657035828e-02	4.331036508083343506e-01
3.288808465003967285e-01	3.020212240517139435e-02	4.138332307338714600e-01
3.205320537090301514e-01	2.836547791957855225e-02	3.986794054508209229e-01
3.117680847644805908e-01	2.372902445495128632e-02	3.813610374927520752e-01
3.056525588035583496e-01	4.125488176941871643e-02	3.723678290843963623e-01
3.032548725605010986e-01	8.682670444250106812e-02	3.792799115180969238e-01
3.013750910758972168e-01	1.092025414109230042e-01	3.663591742515563965e-01
3.122184276580810547e-01	1.423655599355697632e-01	3.672096431255340576e-01
3.211750984191894531e-01	1.603271216154098511e-01	3.585827946662902832e-01
3.377018570899963379e-01	1.861096322536468506e-01	3.579785227775573730e-01
3.553922772407531738e-01	1.923950910568237305e-01	3.434264063835144043e-01
3.539788722991943359e-01	1.961192488670349121e-01	3.230505883693695068e-01
3.368647098541259766e-01	2.118358910083770752e-01	3.106788694858551025e-01
3.351621925830841064e-01	1.938947737216949463e-01	3.049615919589996338e-01
3.250706791877746582e-01	1.489052623510360718e-01	3.024525940418243408e-01
3.193493187427520752e-01	1.125523373484611511e-01	3.119255006313323975e-01
3.052070438861846924e-01	9.758234769105911255e-02	3.064223229885101318e-01
2.903195619583129883e-01	1.001526564359664917e-01	3.036967813968658447e-01
2.796457111835479736e-01	9.309147298336029053e-02	2.844164669513702393e-01
2.722635865211486816e-01	7.088029384613037109e-02	2.546326816082000732e-01
2.701981067657470703e-01	6.435548514127731323e-02	2.287619709968566895e-01
2.694641351699829102e-01	5.530714243650436401e-02	1.928383409976959229e-01
2.489771395921707153e-01	7.298328727483749390e-02	1.973180919885635376e-01
2.243340611457824707e-01	9.377373009920120239e-02	2.007299810647964478e-01
2.057450711727142334e-01	1.070963963866233826e-01	1.801562011241912842e-01
1.950360983610153198e-01	1.204515770077705383e-01	1.324239373207092285e-01
2.069434374570846558e-01	1.315453797578811646e-01	8.165638893842697144e-02
2.199254035949707031e-01	1.540781706571578979e-01	6.203220412135124207e-02
2.191954106092453003e-01	1.781003773212432861e-01	6.796002388000488281e-02
2.083908319473266602e-01	1.913039833307266235e-01	1.008896902203559875e-01
2.025982290506362915e-01	2.098405212163925171e-01	1.177147105336189270e-01
2.078141570091247559e-01	2.175379097461700439e-01	1.170597299933433533e-01
2.212833613157272339e-01	2.376735359430313110e-01	1.178998351097106934e-01
2.357463091611862183e-01	2.447905391454696655e-01	1.139491796493530273e-01
2.407723516225814819e-01	2.510659992694854736e-01	1.131501272320747375e-01
2.446641176939010620e-01	2.524861991405487061e-01	1.049235835671424866e-01
2.391138225793838501e-01	2.533873319625854492e-01	1.042566597461700439e-01
2.387130409479141235e-01	2.581778466701507568e-01	1.109412312507629395e-01
2.448431700468063354e-01	2.670466005802154541e-01	1.222289130091667175e-01
2.391079515218734741e-01	2.587201297283172607e-01	1.331571340560913086e-01
2.335014939308166504e-01	2.476435601711273193e-01	1.391458809375762939e-01
2.279769033193588257e-01	2.251120656728744507e-01	1.351467221975326538e-01
2.262771427631378174e-01	2.216733396053314209e-01	1.241100803017616272e-01
2.357455939054489136e-01	2.188966274261474609e-01	1.058880761265754700e-01
2.422350645065307617e-01	2.177872061729431152e-01	8.962359279394149780e-02
2.577852308750152588e-01	1.989220380783081055e-01	6.199147552251815796e-02
2.623966336250305176e-01	1.827848106622695923e-01	4.249761998653411865e-02
2.735034525394439697e-01	1.810242533683776855e-01	3.670665621757507324e-02
2.805745303630828857e-01	1.889130920171737671e-01	4.920912161469459534e-02
2.753849327564239502e-01	2.140181213617324829e-01	8.178975433111190796e-02
2.759654223918914795e-01	2.337303906679153442e-01	1.217321604490280151e-01
2.794506847858428955e-01	2.618431448936462402e-01	1.429151445627212524e-01
3.027565181255340576e-01	2.856653630733489990e-01	1.586868613958358765e-01
3.155421614646911621e-01	3.023730516433715820e-01	1.665717661380767822e-01
3.297333121299743652e-01	3.249555230140686035e-01	1.609321683645248413e-01
3.410639464855194092e-01	3.352652490139007568e-01	1.558011174201965332e-01
3.515551686286926270e-01	3.393336534500122070e-01	1.386001557111740112e-01
3.822644650936126709e-01	3.207874000072479248e-01	1.572821736335754395e-01
4.064730405807495117e-01	2.989446222782135010e-01	1.685725599527359009e-01
4.209105968475341797e-01	2.876021862030029297e-01	1.926032304763793945e-01
4.278378188610076904e-01	2.881745696067810059e-01	2.041942775249481201e-01
4.226136207580566406e-01	2.891842722892761230e-01	2.100648432970046997e-01
4.232425391674041748e-01	3.060034513473510742e-01	2.162325829267501831e-01
4.264231622219085693e-01	3.096962571144104004e-01	2.142259031534194946e-01
4.344159662723541260e-01	2.906478941440582275e-01	2.130405306816101074e-01
4.456019401550292969e-01	2.490367591381072998e-01	2.173102945089340210e-01
4.422953426837921143e-01	2.090449780225753784e-01	2.172745466232299805e-01
4.461683034896850586e-01	1.740339249372482300e-01	2.230822443962097168e-01
4.453380405902862549e-01	1.541827917098999023e-01	2.477973997592926025e-01
4.380776286125183105e-01	1.241071149706840515e-01	2.784483730792999268e-01
4.159421026706695557e-01	1.173360943794250488e-01	3.050522804260253906e-01
3.933477997779846191e-01	1.124984100461006165e-01	3.159416615962982178e-01
3.778713345527648926e-01	1.299886256456375122e-01	2.956237792968750000e-01
3.641833066940307617e-01	1.342274993658065796e-01	2.582994401454925537e-01
3.493987917900085449e-01	1.298553198575973511e-01	2.032060623168945312e-01
3.228496909141540527e-01	1.326290220022201538e-01	1.712080240249633789e-01
3.154040575027465820e-01	1.451040059328079224e-01	1.469703167676925659e-01
3.144949674606323242e-01	1.535277366638183594e-01	1.219610348343849182e-01
3.157412409782409668e-01	1.547442376613616943e-01	9.708849340677261353e-02
3.026545345783233643e-01	1.500271856784820557e-01	8.156520873308181763e-02
2.941513657569885254e-01	1.506797969341278076e-01	6.786299496889114380e-02
2.983606457710266113e-01	1.516110897064208984e-01	5.807165056467056274e-02
3.235119879245758057e-01	1.633744239807128906e-01	4.616207256913185120e-02
3.456111252307891846e-01	1.782901436090469360e-01	3.445628285408020020e-02
3.379227221012115479e-01	1.886631995439529419e-01	2.111577801406383514e-02
3.146640360355377197e-01	1.911296099424362183e-01	4.361837171018123627e-03
2.909778058528900146e-01	1.980282515287399292e-01	-3.213268471881747246e-03
2.542969882488250732e-01	2.125900685787200928e-01	-9.437917731702327728e-03
2.556908130645751953e-01	2.424102574586868286e-01	4.431646317243576050e-03
2.719597816467285156e-01	2.664597332477569580e-01	1.609054766595363617e-02
2.875808179378509521e-01	2.512303590774536133e-01	1.886340975761413574e-02
2.948542833328247070e-01	2.381496876478195190e-01	2.046937867999076843e-02
3.050841093063354492e-01	2.428299486637115479e-01	1.908276416361331940e-02
3.076447844505310059e-01	2.300192862749099731e-01	1.619425415992736816e-02
2.957713603973388672e-01	1.949060559272766113e-01	-6.241998635232448578e-04
2.677780389785766602e-01	1.725825518369674683e-01	-2.406575530767440796e-02
2.411088049411773682e-01	1.494608968496322632e-01	-5.226748436689376831e-02
2.142413407564163208e-01	1.394046843051910400e-01	-8.311717212200164795e-02
1.914464831352233887e-01	1.415405422449111938e-01	-1.053060591220855713e-01
1.689701378345489502e-01	1.436917185783386230e-01	-1.125228255987167358e-01
1.567854583263397217e-01	1.341031193733215332e-01	-9.145513921976089478e-02
1.527826637029647827e-01	1.075734421610832214e-01	-6.596565246582031250e-02
1.465431004762649536e-01	6.123328953981399536e-02	-2.341246604919433594e-02
1.184166744351387024e-01	3.764552623033523560e-02	1.157206017524003983e-02
7.484435290098190308e-02	4.899914935231208801e-02	4.456522688269615173e-02
4.533913731575012207e-02	5.849324166774749756e-02	6.086010485887527466e-02
3.381623327732086182e-02	7.012954354286193848e-02	7.224835455417633057e-02
3.552661091089248657e-02	7.930785417556762695e-02	8.170909434556961060e-02
4.059153422713279724e-02	9.501773118972778320e-02	8.480423688888549805e-02
4.348269850015640259e-02	9.519679099321365356e-02	8.969168365001678467e-02
3.120226971805095673e-02	6.916178017854690552e-02	8.788760006427764893e-02
3.729206323623657227e-02	2.575479634106159210e-02	9.982286393642425537e-02
3.027817979454994202e-02	8.042222820222377777e-03	1.179447323083877563e-01
4.610553756356239319e-02	1.713233417831361294e-03	1.455464363098144531e-01
3.288632258772850037e-02	8.010598830878734589e-03	1.629064232110977173e-01
2.154007926583290100e-02	7.278290577232837677e-03	1.642971932888031006e-01
-8.316676132380962372e-03	-9.244710090570151806e-04	1.502791792154312134e-01
-2.736991271376609802e-02	1.362208393402397633e-03	1.304678916931152344e-01
-2.497950568795204163e-02	-1.421319227665662766e-02	9.920216351747512817e-02
-3.752912953495979309e-02	6.876622326672077179e-03	7.913103699684143066e-02
-4.317797720432281494e-02	-9.747263044118881226e-03	5.493796616792678833e-02
-6.985478103160858154e-02	-8.699369616806507111e-03	3.383735567331314087e-02
-8.275815844535827637e-02	-3.877499373629689217e-03	3.226204961538314819e-02
-6.895259767770767212e-02	-2.195427659898996353e-03	3.690034151077270508e-02
-5.393587052822113037e-02	-9.884067811071872711e-03	5.528468266129493713e-02
-3.855311870574951172e-02	-3.965852316468954086e-03	7.011902332305908203e-02
-3.163085505366325378e-02	-4.200673196464776993e-03	9.207093715667724609e-02
-1.944224536418914795e-02	-6.684905849397182465e-03	5.561294034123420715e-02
-1.306380517780780792e-02	-6.652513518929481506e-03	3.341665863990783691e-02
-9.698126465082168579e-03	-5.907791666686534882e-03	1.958838850259780884e-02
-7.754111196845769882e-03	-5.074083339422941208e-03	1.075620669871568680e-02
-7.563899271190166473e-03	4.866972565650939941e-02	3.176869079470634460e-02
3.821651451289653778e-03	1.874346844851970673e-02	3.504919353872537613e-03
4.021172877401113510e-03	6.466745398938655853e-03	-5.238987971097230911e-03
1.797158736735582352e-03	1.130104763433337212e-03	-7.586187217384576797e-03
6.055722478777170181e-03	-3.339178115129470825e-02	-6.122045218944549561e-02
1.410982222296297550e-03	-4.845042899250984192e-02	-9.440596401691436768e-02
1.213953085243701935e-02	-5.051097646355628967e-02	-1.261106580495834351e-01
3.332641348242759705e-02	-5.261086300015449524e-02	-1.570893079042434692e-01
5.494248867034912109e-02	-4.442666471004486084e-02	-1.851272433996200562e-01
7.276809960603713989e-02	-5.876046791672706604e-02	-2.143153101205825806e-01
8.761168271303176880e-02	-7.749398797750473022e-02	-2.292080223560333252e-01
8.672264963388442993e-02	-1.000073850154876709e-01	-2.308561205863952637e-01
6.480251997709274292e-02	-1.057823672890663147e-01	-2.072214931249618530e-01
3.777123615145683289e-02	-1.010472252964973450e-01	-1.851884573698043823e-01
1.639322005212306976e-02	-9.438769519329071045e-02	-1.731486022472381592e-01
2.913171611726284027e-02	-7.241013646125793457e-02	-1.682904362678527832e-01
5.684597417712211609e-02	-5.661816522479057312e-02	-1.689770817756652832e-01
8.333013951778411865e-02	-5.190046876668930054e-02	-1.707974374294281006e-01
1.037624329328536987e-01	-3.990672901272773743e-02	-1.793535500764846802e-01
1.226136684417724609e-01	-3.633524850010871887e-02	-1.828049719333648682e-01
1.298267245292663574e-01	-2.548381499946117401e-02	-1.834010928869247437e-01
1.326967030763626099e-01	4.624317807611078024e-04	-1.834619790315628052e-01
1.297030299901962280e-01	2.267959900200366974e-02	-1.902559250593185425e-01
1.244144588708877563e-01	3.293001279234886169e-02	-2.019315659999847412e-01
1.158349886536598206e-01	3.931465372443199158e-02	-2.068362683057785034e-01
8.700165897607803345e-02	3.818208724260330200e-02	-2.010708600282669067e-01
6.496372818946838379e-02	4.132060706615447998e-02	-1.623734384775161743e-01
3.587286546826362610e-02	4.382042214274406433e-02	-1.400395929813385010e-01
1.867568492889404297e-02	5.487717315554618835e-02	-1.203360557556152344e-01
8.308778516948223114e-03	5.957296863198280334e-02	-1.122111752629280090e-01
-1.877922099083662033e-03	5.995253473520278931e-02	-1.088307946920394897e-01
2.499475667718797922e-04	5.157151818275451660e-02	-1.295256018638610840e-01
1.066366303712129593e-02	5.044660717248916626e-02	-1.363453119993209839e-01
2.118213288486003876e-02	5.114000663161277771e-02	-1.242865920066833496e-01
1.479427795857191086e-02	5.907594785094261169e-02	-1.074508205056190491e-01
6.255936808884143829e-03	6.337270140647888184e-02	-9.684544801712036133e-02
1.034549251198768616e-02	5.595544725656509399e-02	-1.036467552185058594e-01
1.725070364773273468e-02	4.846585914492607117e-02	-1.097122207283973694e-01
2.421225886791944504e-03	4.439548403024673462e-02	-1.257875561714172363e-01
-4.435869050212204456e-04	2.881395071744918823e-02	-1.480692774057388306e-01
1.587845501489937305e-03	1.997710205614566803e-02	-1.593172103166580200e-01
5.530597176402807236e-03	1.921068504452705383e-02	-1.497012823820114136e-01
-1.221348065882921219e-02	2.750030346214771271e-02	-1.299110800027847290e-01
-2.041805535554885864e-02	3.022854588925838470e-02	-1.116428226232528687e-01
-1.902635209262371063e-02	3.833025321364402771e-02	-9.541046619415283203e-02
-2.621424384415149689e-03	5.345110967755317688e-02	-8.065852522850036621e-02
8.204813115298748016e-03	5.414802208542823792e-02	-7.296352088451385498e-02
1.798290386795997620e-02	4.550061747431755066e-02	-7.049623876810073853e-02
1.247448194772005081e-02	3.008503466844558716e-02	-6.203563883900642395e-02
5.065140314400196075e-03	1.618335209786891937e-02	-5.794767662882804871e-02
3.477903082966804504e-02	1.064028823748230934e-03	-6.732578575611114502e-02
6.245689839124679565e-02	5.351134110242128372e-03	-7.922828942537307739e-02
6.536608189344406128e-02	1.502901315689086914e-02	-8.361960947513580322e-02
5.924874171614646912e-02	2.565042115747928619e-02	-9.502698481082916260e-02
4.910673946142196655e-02	2.288164198398590088e-02	-1.051046103239059448e-01
6.758609414100646973e-02	3.700726898387074471e-03	-1.349082440137863159e-01
7.957066595554351807e-02	-1.430424582213163376e-02	-1.537979394197463989e-01
7.646217197179794312e-02	-1.956863887608051300e-02	-1.518559306859970093e-01
6.170156970620155334e-02	-3.212949633598327637e-02	-1.329057216644287109e-01
1.669109053909778595e-02	-3.438958898186683655e-02	-8.687893301248550415e-02
-1.908152922987937927e-02	-3.556352853775024414e-02	-4.616249725222587585e-02
-2.039437741041183472e-02	-3.668190538883209229e-02	-1.724729128181934357e-02
-2.161863027140498161e-03	-3.598932176828384399e-02	-2.078476920723915100e-02
1.852300390601158142e-02	-3.169441223144531250e-02	-2.827914431691169739e-02
3.509566560387611389e-02	-2.817666158080101013e-02	-4.602627456188201904e-02
3.867099434137344360e-02	-3.183147683739662170e-02	-6.163064390420913696e-02
3.501804918050765991e-02	-4.300009086728096008e-02	-7.938802987337112427e-02
2.701176516711711884e-02	-4.811300337314605713e-02	-9.828329831361770630e-02
1.988109759986400604e-02	-6.323694437742233276e-02	-1.127090826630592346e-01
9.681491181254386902e-03	-7.852336019277572632e-02	-1.246551349759101868e-01
-1.764314249157905579e-02	-9.076889604330062866e-02	-1.239713728427886963e-01
-3.922623395919799805e-02	-9.153198450803756714e-02	-1.169412434101104736e-01
-4.687863588333129883e-02	-8.080997318029403687e-02	-9.971076250076293945e-02
-4.707692191004753113e-02	-8.589692413806915283e-02	-1.012169867753982544e-01
-3.471730276942253113e-02	-7.962314784526824951e-02	-1.107938215136528015e-01
-2.588527090847492218e-02	-7.739911228418350220e-02	-1.144066005945205688e-01
-1.553884427994489670e-02	-5.356800183653831482e-02	-1.208646893501281738e-01
-1.668772846460342407e-02	-3.064616397023200989e-02	-1.123867481946945190e-01
-1.425075437873601913e-02	-4.005051159765571356e-04	-1.017191112041473389e-01
-1.291789673268795013e-02	2.742313966155052185e-02	-7.494486123323440552e-02
-5.804227665066719055e-03	3.741680458188056946e-02	-5.657943710684776306e-02
-1.139831915497779846e-02	4.819773882627487183e-02	-4.573145508766174316e-02
-6.360028404742479324e-03	5.131623893976211548e-02	-4.491556808352470398e-02
-9.796790545806288719e-04	6.471424549818038940e-02	-3.766000270843505859e-02
6.228397600352764130e-03	5.152282491326332092e-02	-2.176653593778610229e-02
1.443546637892723083e-02	3.887192532420158386e-02	-3.251482266932725906e-03
1.836016774177551270e-02	1.156817004084587097e-02	4.322435706853866577e-03
1.997079700231552124e-02	-4.663370549678802490e-03	1.792898587882518768e-02
1.229999400675296783e-02	1.607643789611756802e-03	4.018430411815643311e-02
-2.741278382018208504e-03	1.864367164671421051e-02	4.572325572371482849e-02
-1.323318388313055038e-02	3.228105232119560242e-02	4.366702586412429810e-02
-6.027684547007083893e-03	3.637864068150520325e-02	3.596870973706245422e-02
-8.777253329753875732e-03	3.664959222078323364e-02	1.845450699329376221e-02
-8.215812034904956818e-03	3.087919391691684723e-02	-5.023504141718149185e-03
-1.329951733350753784e-02	1.541715953499078751e-02	-1.844296976923942566e-02
-1.838746108114719391e-02	2.711731707677245140e-03	-1.274204626679420471e-02
-3.075794875621795654e-02	-1.938958652317523956e-02	-2.068656263872981071e-03
-4.104964062571525574e-02	-3.731971979141235352e-02	1.028774771839380264e-02
-4.752400889992713928e-02	-6.678971648216247559e-02	2.121122553944587708e-02
-4.672094061970710754e-02	-8.775861561298370361e-02	2.721548080444335938e-02
-4.739960655570030212e-02	-5.176982283592224121e-02	2.131343074142932892e-02
-4.450669139623641968e-02	-2.939534932374954224e-02	6.119955796748399734e-03
-5.095816403627395630e-02	-2.890249714255332947e-02	-1.121233101002871990e-03
-6.010195240378379822e-02	-2.403567917644977570e-02	-1.810812624171376228e-03
-6.863622367382049561e-02	-7.668084464967250824e-03	-8.407541550695896149e-03
-6.006256863474845886e-02	2.584711182862520218e-03	-1.102863438427448273e-02
-4.088453575968742371e-02	5.540753714740276337e-03	-2.031493932008743286e-02
-1.869291625916957855e-02	8.955849334597587585e-03	-1.437263097614049911e-02
-9.435715153813362122e-03	4.176159854978322983e-03	-1.519712060689926147e-02
-5.372812971472740173e-03	1.355803338810801506e-03	-1.401320658624172211e-02
-3.877978771924972534e-03	-2.682981430552899837e-04	-1.231821719557046890e-02
-3.454233985394239426e-03	-1.203275285661220551e-03	-1.073895022273063660e-02
-3.436577040702104568e-03	-1.745131798088550568e-03	-9.467458352446556091e-03
-3.544605337083339691e-03	-2.063035266473889351e-03	-8.515262044966220856e-03
-3.669533180072903633e-03	-2.252602484077215195e-03	-7.831312716007232666e-03
-4.812794923782348633e-02	8.961587212979793549e-03	3.618866577744483948e-02
-5.932565778493881226e-02	1.336463261395692825e-02	5.794420093297958374e-02
-5.422906577587127686e-02	5.596755538135766983e-03	8.435938507318496704e-02
-5.377712100744247437e-02	-3.172464203089475632e-03	1.064623743295669556e-01
-6.053605303168296814e-02	-1.094257272779941559e-02	1.245997622609138489e-01
-5.940653011202812195e-02	-1.622775942087173462e-02	1.367935985326766968e-01
-4.349528998136520386e-02	-5.160784814506769180e-03	1.444799453020095825e-01
-3.873561695218086243e-02	6.682495586574077606e-03	1.232937946915626526e-01
-3.823813423514366150e-02	1.342131663113832474e-02	8.644545078277587891e-02
-5.688478425145149231e-02	4.160468000918626785e-03	4.372227936983108521e-02
-7.128515094518661499e-02	6.835275416960939765e-05	1.466065086424350739e-02
-9.705990552902221680e-02	-3.249356988817453384e-03	-6.988159846514463425e-03
-1.161648407578468323e-01	-2.031405456364154816e-02	-1.564208790659904480e-02
-1.240885257720947266e-01	-4.623218253254890442e-02	-6.629974115639925003e-03
-1.238921731710433960e-01	-6.702622771263122559e-02	5.629282910376787186e-03
-1.251609325408935547e-01	-6.707514077425003052e-02	2.624642848968505859e-02
-1.280183047056198120e-01	-5.375891178846359253e-02	4.118463024497032166e-02
-1.114046946167945862e-01	-4.198217019438743591e-02	5.169402807950973511e-02
-1.048697009682655334e-01	-2.337988279759883881e-02	6.173246726393699646e-02
-9.142212569713592529e-02	-2.104459144175052643e-02	7.056245207786560059e-02
-8.774250000715255737e-02	-1.902842149138450623e-02	6.819400191307067871e-02
-7.932006567716598511e-02	-3.028258867561817169e-02	5.462165176868438721e-02
-9.768541157245635986e-02	-4.507821425795555115e-02	3.698275238275527954e-02
-1.148650050163269043e-01	-4.938745871186256409e-02	3.160428255796432495e-02
-9.513449668884277344e-02	-5.678346380591392517e-02	3.486927971243858337e-02
-5.482821166515350342e-02	-5.260288342833518982e-02	3.886067867279052734e-02
-2.844636142253875732e-02	-6.287912279367446899e-02	3.991020098328590393e-02
-2.005928754806518555e-02	-3.693258017301559448e-02	3.396622091531753540e-02
-1.685228571295738220e-02	-6.114265415817499161e-03	8.782685734331607819e-03
-9.039200842380523682e-03	-2.796590700745582581e-02	-2.530061081051826477e-02
-1.225017476826906204e-02	-5.399331077933311462e-02	-3.310742229223251343e-02
-2.512806281447410583e-02	-8.598791807889938354e-02	-2.600585855543613434e-02
-2.534406259655952454e-02	-9.179550409317016602e-02	-2.337510325014591217e-02
-1.429737266153097153e-02	-9.257040172815322876e-02	-3.140453249216079712e-02
1.370658632367849350e-02	-9.032550454139709473e-02	-6.012377142906188965e-02
2.437810041010379791e-02	-8.134797960519790649e-02	-8.396279811859130859e-02
2.518173493444919586e-02	-7.091351598501205444e-02	-8.872076869010925293e-02
3.201608359813690186e-02	-6.435242295265197754e-02	-8.798085898160934448e-02
6.139320507645606995e-02	-6.155082583427429199e-02	-6.232602894306182861e-02
7.855682075023651123e-02	-6.076393648982048035e-02	-3.986426815390586853e-02
7.875778526067733765e-02	-5.313014611601829529e-02	-2.115147002041339874e-02
6.297636032104492188e-02	-5.242542922496795654e-02	-9.064650163054466248e-03
5.359871312975883484e-02	-4.451240971684455872e-02	-1.984476111829280853e-03
3.799650818109512329e-02	-3.440428897738456726e-02	1.173422322608530521e-03
3.064230456948280334e-02	-1.665205880999565125e-02	-1.818715943954885006e-03
5.328511074185371399e-02	-1.083034370094537735e-02	-1.597577892243862152e-02
6.558021157979965210e-02	-8.873801678419113159e-03	-2.378100156784057617e-02
5.320610105991363525e-02	-2.475165762007236481e-02	-1.951325871050357819e-02
4.785214364528656006e-02	-2.855927310883998871e-02	-9.479579515755176544e-03
5.842566117644309998e-02	-1.877548545598983765e-02	-3.482208820059895515e-03
6.364113092422485352e-02	-1.529309246689081192e-02	1.535418815910816193e-02
6.021184101700782776e-02	-5.906437989324331284e-03	2.366947196424007416e-02
3.768891096115112305e-02	-2.096210420131683350e-02	3.547742590308189392e-02
2.338584326207637787e-02	-2.615333721041679382e-02	4.064739495515823364e-02
1.529572159051895142e-02	-3.031901828944683075e-02	3.751173987984657288e-02
2.283314988017082214e-02	-3.451978042721748352e-02	2.575224451720714569e-02
2.394947968423366547e-02	-4.569998756051063538e-02	3.206016123294830322e-02
1.355812419205904007e-02	-4.533291235566139221e-02	5.796527490019798279e-02
1.389612560160458088e-03	-6.402028352022171021e-02	1.022084578871726990e-01
-1.666324213147163391e-02	-6.761125475168228149e-02	1.299538463354110718e-01
-2.889269590377807617e-02	-5.198493599891662598e-02	1.269186139106750488e-01
-3.875871747732162476e-02	-2.938089706003665924e-02	1.088666543364524841e-01
-4.053352773189544678e-02	-2.189049124717712402e-02	8.325889706611633301e-02
-4.029278084635734558e-02	-3.727362304925918579e-02	6.721016019582748413e-02
-4.515959694981575012e-02	-6.351580470800399780e-02	6.779995560646057129e-02
-7.292405515909194946e-02	-7.210622727870941162e-02	8.631479740142822266e-02
-8.585145324468612671e-02	-6.803149729967117310e-02	1.018391996622085571e-01
-6.590319424867630005e-02	-6.209593266248703003e-02	9.808063507080078125e-02
-3.041862696409225464e-02	-5.283291265368461609e-02	8.462210744619369507e-02
2.239694353193044662e-03	-4.889466241002082825e-02	7.582094520330429077e-02
9.181657806038856506e-03	-4.321574419736862183e-02	8.485673367977142334e-02
7.671056315302848816e-03	-3.847306594252586365e-02	1.096551567316055298e-01
1.673581078648567200e-02	-2.712249755859375000e-02	1.320366263389587402e-01
2.862687408924102783e-02	-1.384990569204092026e-02	1.475263535976409912e-01
3.674923256039619446e-02	-9.702032548375427723e-04	1.558608412742614746e-01
3.777404502034187317e-02	9.194346144795417786e-03	1.483892649412155151e-01
2.651656046509742737e-02	1.469434145838022232e-02	1.458397060632705688e-01
-9.306613355875015259e-03	2.354103885591030121e-02	1.469333171844482422e-01
-5.077086016535758972e-02	3.582576289772987366e-02	1.337974071502685547e-01
-7.586225867271423340e-02	4.439852386713027954e-02	1.169758662581443787e-01
-7.985652238130569458e-02	4.036122933030128479e-02	9.167670458555221558e-02
-5.059193819761276245e-02	1.492482610046863556e-02	6.448120623826980591e-02
-2.564719505608081818e-02	-5.677634850144386292e-03	5.893309041857719421e-02
-2.057931618764996529e-03	-1.672008261084556580e-02	7.700901478528976440e-02
9.573971852660179138e-03	-1.843780651688575745e-02	1.183371022343635559e-01
1.707882061600685120e-02	-2.256899140775203705e-02	1.562156230211257935e-01
1.156804058700799942e-02	-3.642455488443374634e-02	1.700858026742935181e-01
4.487803205847740173e-03	-4.802029579877853394e-02	1.690516918897628784e-01
6.720040692016482353e-04	-5.737546831369400024e-02	1.847622990608215332e-01
-1.621480099856853485e-02	-5.067856237292289734e-02	1.832518726587295532e-01
-3.250597044825553894e-02	-3.524786233901977539e-02	1.747941970825195312e-01
-4.744980111718177795e-02	-9.577265940606594086e-03	1.433541625738143921e-01
-4.836685582995414734e-02	4.400222096592187881e-03	1.320592463016510010e-01
-5.465700849890708923e-02	7.420550100505352020e-03	1.180146634578704834e-01
-6.555003672838211060e-02	8.161817677319049835e-03	1.080019399523735046e-01
-6.515498459339141846e-02	8.631139062345027924e-03	8.751728385686874390e-02
-5.541553720831871033e-02	1.439656689763069153e-02	6.736108660697937012e-02
-5.862483754754066467e-02	6.816455628722906113e-03	5.093945190310478210e-02
-7.764133810997009277e-02	4.335761535912752151e-03	5.538290366530418396e-02
-9.474321454763412476e-02	3.968227654695510864e-03	7.796502858400344849e-02
-9.279876947402954102e-02	2.156037092208862305e-02	1.126299053430557251e-01
-8.382077515125274658e-02	2.108849212527275085e-02	1.440557837486267090e-01
-6.938367336988449097e-02	1.919035986065864563e-02	1.598494052886962891e-01
-6.083723902702331543e-02	1.284527126699686050e-02	1.435797959566116333e-01
-5.663459748029708862e-02	1.496985275298357010e-02	1.208873689174652100e-01
-4.588299244642257690e-02	1.919001899659633636e-02	1.020049378275871277e-01
-4.000857099890708923e-02	2.441497892141342163e-02	9.334814548492431641e-02
-3.539329394698143005e-02	3.138796612620353699e-02	9.594951570034027100e-02
-4.474915936589241028e-02	5.197805166244506836e-02	9.994312375783920288e-02
-5.291682481765747070e-02	7.349115610122680664e-02	9.449065476655960083e-02
-5.082976073026657104e-02	8.167268335819244385e-02	8.830869197845458984e-02
-3.596056997776031494e-02	9.249402582645416260e-02	7.865575700998306274e-02
-4.921096563339233398e-02	8.908687531948089600e-02	8.825675398111343384e-02
-7.089623808860778809e-02	7.524561882019042969e-02	1.065989360213279724e-01
-8.943166583776473999e-02	7.754711806774139404e-02	1.053079813718795776e-01
-9.880673885345458984e-02	8.574093878269195557e-02	1.007334291934967041e-01
-8.821912854909896851e-02	9.277151525020599365e-02	8.852425962686538696e-02
-7.075671851634979248e-02	9.883908182382583618e-02	7.037594169378280640e-02
-2.610109560191631317e-02	8.524382114410400391e-02	4.606160894036293030e-02
-1.782941282726824284e-03	6.998852640390396118e-02	3.194953873753547668e-02
3.475255332887172699e-03	6.321214139461517334e-02	3.169527649879455566e-02
-6.256582681089639664e-03	4.989918693900108337e-02	2.001221291720867157e-02
-1.497361902147531509e-02	4.382660612463951111e-02	1.501086447387933731e-02
-9.819341823458671570e-03	3.044099733233451843e-02	2.425841055810451508e-02
-1.027732063084840775e-02	2.526370808482170105e-02	3.288582339882850647e-02
-8.347791619598865509e-03	1.683643832802772522e-02	3.137950599193572998e-02
-1.185184810310602188e-02	1.208631414920091629e-02	2.400802820920944214e-02
-1.326633151620626450e-02	1.002862863242626190e-02	1.183776278048753738e-02
-1.971031166613101959e-02	1.569814421236515045e-02	4.837773740291595459e-04
-9.142737835645675659e-03	6.765590514987707138e-03	-7.240664679557085037e-03
-4.783544223755598068e-03	2.153619658201932907e-03	-9.609832428395748138e-03
-3.460811683908104897e-03	-1.490489376010373235e-04	-9.692338295280933380e-03
