7.353456225246191025e-03	1.274090074002742767e-02	-3.305734321475028992e-02
2.741958945989608765e-03	9.669427573680877686e-02	-9.293772280216217041e-02
2.256835065782070160e-02	5.017632991075515747e-02	-8.764915168285369873e-02
2.345076017081737518e-02	2.832534909248352051e-02	-7.160443067550659180e-02
1.951265707612037659e-02	1.763953827321529388e-02	-5.598282068967819214e-02
7.201294880360364914e-03	1.250592470169067383e-01	-1.301932483911514282e-01
2.692054212093353271e-02	1.774946749210357666e-01	-2.116962671279907227e-01
6.471862643957138062e-02	2.113714367151260376e-01	-2.698797583580017090e-01
1.000017821788787842e-01	2.096596956253051758e-01	-3.337469995021820068e-01
9.975614398717880249e-02	2.378956228494644165e-01	-3.548385798931121826e-01
1.117120385169982910e-01	2.459784150123596191e-01	-3.762201070785522461e-01
9.175106883049011230e-02	2.731801569461822510e-01	-4.294873774051666260e-01
8.550077676773071289e-02	3.020624518394470215e-01	-4.831598997116088867e-01
1.197074502706527710e-01	3.239454030990600586e-01	-5.200685262680053711e-01
1.887826919555664062e-01	3.246884346008300781e-01	-5.186614394187927246e-01
2.423127442598342896e-01	3.023884892463684082e-01	-4.881587028503417969e-01
2.884554564952850342e-01	2.739760875701904297e-01	-4.462454319000244141e-01
3.040436208248138428e-01	2.503730058670043945e-01	-3.988467454910278320e-01
2.854910790920257568e-01	2.218796610832214355e-01	-3.727288246154785156e-01
2.430542558431625366e-01	2.029225975275039673e-01	-3.399055898189544678e-01
2.174786180257797241e-01	2.352311462163925171e-01	-2.973086535930633545e-01
1.960929930210113525e-01	2.522065639495849609e-01	-2.731034159660339355e-01
1.327370107173919678e-01	2.617655396461486816e-01	-2.676953375339508057e-01
1.155869737267494202e-01	2.387723773717880249e-01	-2.816169857978820801e-01
8.763112127780914307e-02	2.195441722869873047e-01	-2.835724353790283203e-01
7.514075189828872681e-02	1.663294434547424316e-01	-2.979752719402313232e-01
1.636625826358795166e-02	1.395094245672225952e-01	-2.813083827495574951e-01
-6.040973216295242310e-02	1.470886319875717163e-01	-2.922629117965698242e-01
-9.781210124492645264e-02	1.665185689926147461e-01	-3.181458413600921631e-01
-1.133192703127861023e-01	1.738985031843185425e-01	-3.687561750411987305e-01
-1.054961755871772766e-01	1.750884950160980225e-01	-3.911491632461547852e-01
-8.499027788639068604e-02	2.055966705083847046e-01	-4.335902333259582520e-01
-2.673377469182014465e-02	2.162268310785293579e-01	-4.668184220790863037e-01
6.056104227900505066e-02	2.189215421676635742e-01	-4.733759462833404541e-01
1.346823126077651978e-01	1.911196410655975342e-01	-4.253244698047637939e-01
1.710203140974044800e-01	2.092284262180328369e-01	-3.819539248943328857e-01
1.561463028192520142e-01	2.544387876987457275e-01	-3.287260830402374268e-01
1.223595291376113892e-01	3.071240186691284180e-01	-3.123933076858520508e-01
1.173575744032859802e-01	3.299149572849273682e-01	-2.917581200599670410e-01
1.476045101881027222e-01	3.415361642837524414e-01	-2.865160107612609863e-01
1.734675616025924683e-01	3.337482511997222900e-01	-2.871135771274566650e-01
1.914780884981155396e-01	3.225164115428924561e-01	-3.204017877578735352e-01
2.241955101490020752e-01	3.227901458740234375e-01	-3.437743186950683594e-01
3.007040619850158691e-01	3.131308853626251221e-01	-3.468177020549774170e-01
3.507755696773529053e-01	3.054845631122589111e-01	-3.388787508010864258e-01
3.903051316738128662e-01	3.193360269069671631e-01	-3.244310617446899414e-01
4.260501563549041748e-01	3.084587156772613525e-01	-3.208879828453063965e-01
4.483974874019622803e-01	3.065911233425140381e-01	-3.183352947235107422e-01
4.417251348495483398e-01	2.783882617950439453e-01	-3.292877376079559326e-01
4.440162777900695801e-01	2.918348014354705811e-01	-3.051182329654693604e-01
4.463815093040466309e-01	2.937903106212615967e-01	-2.732682526111602783e-01
4.344631433486938477e-01	3.041181564331054688e-01	-2.534061372280120850e-01
4.218291640281677246e-01	2.974458932876586914e-01	-2.493981868028640747e-01
4.030687808990478516e-01	2.976419925689697266e-01	-2.965111434459686279e-01
3.934660553932189941e-01	2.684395015239715576e-01	-3.780919015407562256e-01
3.872540891170501709e-01	2.676345109939575195e-01	-4.235638082027435303e-01
4.054506421089172363e-01	2.999211251735687256e-01	-4.844582378864288330e-01
4.314343631267547607e-01	3.395022749900817871e-01	-5.302222371101379395e-01
4.456358850002288818e-01	3.987569510936737061e-01	-5.500079989433288574e-01
4.405263662338256836e-01	4.567163586616516113e-01	-5.705519318580627441e-01
4.207105040550231934e-01	4.746755957603454590e-01	-5.833453536033630371e-01
4.223008453845977783e-01	4.820565283298492432e-01	-5.979873538017272949e-01
4.639578163623809814e-01	4.661506116390228271e-01	-5.944890379905700684e-01
4.883573353290557861e-01	4.346902668476104736e-01	-6.106478571891784668e-01
4.978981614112854004e-01	4.187378883361816406e-01	-6.280938386917114258e-01
4.907210767269134521e-01	3.966666460037231445e-01	-6.600901484489440918e-01
4.884302020072937012e-01	3.691407740116119385e-01	-6.712294220924377441e-01
5.139897465705871582e-01	3.574274480342864990e-01	-6.918423771858215332e-01
5.708933472633361816e-01	3.347676396369934082e-01	-6.994382143020629883e-01
6.011151671409606934e-01	2.911196947097778320e-01	-6.997543573379516602e-01
5.931984782218933105e-01	2.884607315063476562e-01	-6.757549047470092773e-01
5.371350646018981934e-01	2.788498997688293457e-01	-6.493131518363952637e-01
4.761601388454437256e-01	2.882296442985534668e-01	-6.349024176597595215e-01
4.432312846183776855e-01	2.693219184875488281e-01	-6.564772725105285645e-01
4.363763630390167236e-01	2.062539309263229370e-01	-7.044354081153869629e-01
4.342218637466430664e-01	1.634583771228790283e-01	-7.244794368743896484e-01
4.173396229743957520e-01	1.517642438411712646e-01	-6.966604590415954590e-01
4.204974472522735596e-01	1.969071775674819946e-01	-6.961030960083007812e-01
4.466045498847961426e-01	2.470172643661499023e-01	-6.534219980239868164e-01
4.884535074234008789e-01	2.919164896011352539e-01	-6.512834429740905762e-01
5.316648483276367188e-01	3.167390525341033936e-01	-6.504755020141601562e-01
5.604884624481201172e-01	3.215689063072204590e-01	-6.341729164123535156e-01
5.558458566665649414e-01	2.968281507492065430e-01	-6.161505579948425293e-01
5.192284584045410156e-01	2.711429893970489502e-01	-5.821758508682250977e-01
4.750066101551055908e-01	2.415066808462142944e-01	-5.465155243873596191e-01
4.675967693328857422e-01	1.792251467704772949e-01	-5.119690895080566406e-01
4.659701287746429443e-01	1.429284512996673584e-01	-4.622526168823242188e-01
4.571651816368103027e-01	1.201971545815467834e-01	-4.179698526859283447e-01
4.136696457862854004e-01	1.756728738546371460e-01	-4.097605645656585693e-01
3.877898752689361572e-01	1.955660283565521240e-01	-4.351660311222076416e-01
3.830064833164215088e-01	1.899992525577545166e-01	-4.791456758975982666e-01
3.912733793258666992e-01	1.938399225473403931e-01	-5.052084922790527344e-01
3.855800330638885498e-01	2.075421065092086792e-01	-5.309683084487915039e-01
3.556603491306304932e-01	2.042099237442016602e-01	-5.661054849624633789e-01
3.406941592693328857e-01	2.139135003089904785e-01	-5.657478570938110352e-01
3.464366495609283447e-01	2.306160330772399902e-01	-5.722130537033081055e-01
3.605084419250488281e-01	2.413285374641418457e-01	-6.201228499412536621e-01
3.744591176509857178e-01	2.574078440666198730e-01	-6.759323477745056152e-01
3.776265382766723633e-01	2.538389861583709717e-01	-6.974555850028991699e-01
3.403303027153015137e-01	2.016029506921768188e-01	-6.813448667526245117e-01
2.356625050306320190e-01	1.597381085157394409e-01	-6.493320465087890625e-01
8.098974078893661499e-02	1.733764559030532837e-01	-6.259142160415649414e-01
-3.586422652006149292e-03	2.008244693279266357e-01	-5.964118242263793945e-01
-5.127676948904991150e-02	2.581018209457397461e-01	-5.634273290634155273e-01
-3.573429957032203674e-02	3.118073642253875732e-01	-5.663397908210754395e-01
-2.617348544299602509e-02	3.550160825252532959e-01	-5.956665277481079102e-01
1.328561548143625259e-02	3.768804073333740234e-01	-6.500067114830017090e-01
4.174561426043510437e-02	3.591907620429992676e-01	-6.690227985382080078e-01
3.244334831833839417e-02	3.372982442378997803e-01	-6.751455068588256836e-01
2.221179567277431488e-02	3.308030664920806885e-01	-6.383984684944152832e-01
1.118874177336692810e-02	2.946180701255798340e-01	-5.817207098007202148e-01
1.816533505916595459e-02	2.627149224281311035e-01	-5.434361100196838379e-01
5.874950438737869263e-03	2.082296609878540039e-01	-5.352446436882019043e-01
-4.256782308220863342e-02	2.098342031240463257e-01	-5.069916248321533203e-01
-9.071324020624160767e-02	2.322048693895339966e-01	-4.588086903095245361e-01
-1.312008798122406006e-01	2.372725605964660645e-01	-4.376471042633056641e-01
-1.515391916036605835e-01	1.916553676128387451e-01	-4.199209511280059814e-01
-1.447063982486724854e-01	1.605854481458663940e-01	-4.255578219890594482e-01
-1.213390454649925232e-01	1.598678529262542725e-01	-4.087197780609130859e-01
-1.103361621499061584e-01	1.635794490575790405e-01	-4.021805524826049805e-01
-1.305902153253555298e-01	1.328987181186676025e-01	-4.173497259616851807e-01
-1.533658951520919800e-01	1.183178797364234924e-01	-4.203378260135650635e-01
-1.835068017244338989e-01	1.054386720061302185e-01	-4.235699176788330078e-01
-2.012443244457244873e-01	9.128684550523757935e-02	-4.201228022575378418e-01
-2.331199049949645996e-01	4.241961985826492310e-02	-4.248121082782745361e-01
-2.456054538488388062e-01	2.822855859994888306e-02	-4.327027499675750732e-01
-2.602245211601257324e-01	4.609184712171554565e-02	-4.474859237670898438e-01
-2.581648826599121094e-01	7.016918063163757324e-02	-4.769164323806762695e-01
-2.532448172569274902e-01	9.168832749128341675e-02	-5.239078402519226074e-01
-2.332086265087127686e-01	1.197066754102706909e-01	-5.610523223876953125e-01
-1.968813687562942505e-01	1.496325582265853882e-01	-5.915443301200866699e-01
-1.699899882078170776e-01	1.646832227706909180e-01	-5.824233889579772949e-01
-1.751095354557037354e-01	1.560559123754501343e-01	-5.279750227928161621e-01
-2.011922150850296021e-01	1.114407256245613098e-01	-4.575457274913787842e-01
-2.143822461366653442e-01	8.739813417196273804e-02	-3.951481282711029053e-01
-2.025218605995178223e-01	7.203710824251174927e-02	-3.619554936885833740e-01
-2.042183429002761841e-01	9.857867658138275146e-02	-3.382077813148498535e-01
-2.298457920551300049e-01	1.147603020071983337e-01	-3.438133001327514648e-01
-2.507980465888977051e-01	1.378194540739059448e-01	-3.666363358497619629e-01
-2.638181447982788086e-01	1.060581207275390625e-01	-4.011248946189880371e-01
-2.812276482582092285e-01	7.880347967147827148e-02	-4.344506859779357910e-01
-2.907195091247558594e-01	6.709555536508560181e-02	-4.383755922317504883e-01
-3.143109083175659180e-01	4.331347718834877014e-02	-4.303658306598663330e-01
-3.146664798259735107e-01	2.307241410017013550e-02	-4.253792464733123779e-01
-3.396196067333221436e-01	9.890270419418811798e-03	-4.223572909832000732e-01
-3.196726739406585693e-01	1.769960857927799225e-02	-4.169020652770996094e-01
-2.875983417034149170e-01	1.550812833011150360e-02	-4.152366220951080322e-01
-2.952271997928619385e-01	-6.377109885215759277e-02	-3.440728783607482910e-01
-3.496819138526916504e-01	-1.268472373485565186e-01	-3.290378153324127197e-01
-3.906202018260955811e-01	-1.592753529548645020e-01	-2.790771722793579102e-01
-4.158842265605926514e-01	-1.804539114236831665e-01	-2.716227173805236816e-01
-4.200861155986785889e-01	-1.917763054370880127e-01	-2.655297219753265381e-01
-3.685252368450164795e-01	-2.098301649093627930e-01	-2.260955423116683960e-01
-3.021709620952606201e-01	-2.245711535215377808e-01	-1.840924322605133057e-01
-2.369280457496643066e-01	-2.319260388612747192e-01	-1.303024739027023315e-01
-1.779308766126632690e-01	-2.503556013107299805e-01	-6.826710700988769531e-02
-1.624069660902023315e-01	-2.386476099491119385e-01	-2.571045793592929840e-02
-1.738862544298171997e-01	-2.397037148475646973e-01	-2.312201540917158127e-03
-1.875103563070297241e-01	-2.646479606628417969e-01	1.831251196563243866e-02
-1.971165835857391357e-01	-2.896360456943511963e-01	3.131012991070747375e-02
-1.987857222557067871e-01	-3.013547956943511963e-01	6.988453119993209839e-02
-2.038153409957885742e-01	-2.953619658946990967e-01	9.097104519605636597e-02
-1.933286339044570923e-01	-2.761223614215850830e-01	7.879824936389923096e-02
-2.134189456701278687e-01	-2.486204504966735840e-01	4.726959019899368286e-02
-2.395026683807373047e-01	-2.609937489032745361e-01	1.479400880634784698e-02
-2.266477346420288086e-01	-2.675383388996124268e-01	-1.588016934692859650e-02
-1.899175345897674561e-01	-2.348556667566299438e-01	-3.729670122265815735e-02
-1.519150584936141968e-01	-1.788583397865295410e-01	-9.376730024814605713e-02
-1.223267093300819397e-01	-1.315037310123443604e-01	-1.571618169546127319e-01
-1.029740646481513977e-01	-9.227631986141204834e-02	-2.097435593605041504e-01
-7.834335416555404663e-02	-4.869475588202476501e-02	-2.386723607778549194e-01
-6.615083664655685425e-02	9.218421764671802521e-03	-2.806341350078582764e-01
-1.035472285002470016e-02	6.317134201526641846e-02	-3.409317135810852051e-01
5.254568904638290405e-02	1.319210529327392578e-01	-3.896262347698211670e-01
1.095756590366363525e-01	1.891705095767974854e-01	-4.066917002201080322e-01
1.491894274950027466e-01	2.242265939712524414e-01	-4.222470223903656006e-01
1.882896572351455688e-01	2.196580767631530762e-01	-4.738718271255493164e-01
2.089000940322875977e-01	2.014760226011276245e-01	-5.150571465492248535e-01
2.403976470232009888e-01	1.520144492387771606e-01	-5.397323966026306152e-01
2.743269503116607666e-01	9.520303457975387573e-02	-5.310478210449218750e-01
3.508653342723846436e-01	1.285099051892757416e-02	-5.031872987747192383e-01
4.050988256931304932e-01	-3.900061175227165222e-02	-4.831902086734771729e-01
4.424712061882019043e-01	-3.729211166501045227e-02	-5.207320451736450195e-01
4.585061371326446533e-01	-2.697141095995903015e-02	-5.712467432022094727e-01
4.312347769737243652e-01	-2.633388713002204895e-02	-6.069609522819519043e-01
3.816689252853393555e-01	-2.750038355588912964e-02	-6.178264617919921875e-01
3.460189104080200195e-01	-3.440552204847335815e-02	-6.306144595146179199e-01
3.072136342525482178e-01	-5.631967633962631226e-02	-6.114914417266845703e-01
2.917985022068023682e-01	-1.012354195117950439e-01	-5.552019476890563965e-01
2.681376636028289795e-01	-1.428109109401702881e-01	-4.860347509384155273e-01
1.905319690704345703e-01	-1.886454075574874878e-01	-4.339931309223175049e-01
1.294350773096084595e-01	-2.039398103952407837e-01	-3.690671622753143311e-01
3.353834897279739380e-02	-1.954751908779144287e-01	-3.389691710472106934e-01
-2.387106232345104218e-02	-1.822997033596038818e-01	-3.355797827243804932e-01
1.290674088522791862e-03	-2.027589976787567139e-01	-3.316064178943634033e-01
-1.399110187776386738e-03	-2.194150686264038086e-01	-3.469144999980926514e-01
1.600665599107742310e-02	-2.665725350379943848e-01	-3.363831043243408203e-01
2.174748480319976807e-02	-2.812642455101013184e-01	-2.891170680522918701e-01
-4.045898094773292542e-02	-3.093926012516021729e-01	-2.392685264348983765e-01
-1.207850947976112366e-01	-2.989836931228637695e-01	-2.072683572769165039e-01
-1.869590729475021362e-01	-2.874808609485626221e-01	-2.126779705286026001e-01
-2.500549554824829102e-01	-2.446120977401733398e-01	-2.354183346033096313e-01
-2.715013623237609863e-01	-1.878378987312316895e-01	-2.236646562814712524e-01
-2.645807564258575439e-01	-1.536988019943237305e-01	-2.066605985164642334e-01
-2.827916741371154785e-01	-1.542151123285293579e-01	-1.888783723115921021e-01
-2.953895926475524902e-01	-1.674693822860717773e-01	-1.975447535514831543e-01
-3.173072040081024170e-01	-1.658791601657867432e-01	-2.094293087720870972e-01
-3.422241508960723877e-01	-1.642976105213165283e-01	-2.417815327644348145e-01
-3.474167287349700928e-01	-1.615887582302093506e-01	-2.382922172546386719e-01
-3.332785069942474365e-01	-1.591417193412780762e-01	-2.567525804042816162e-01
-2.870338559150695801e-01	-1.383192688226699829e-01	-2.674538195133209229e-01
-2.885855436325073242e-01	-8.331967890262603760e-02	-2.695333957672119141e-01
-2.942443192005157471e-01	-5.143111571669578552e-02	-2.843838632106781006e-01
-2.839789390563964844e-01	-3.590631112456321716e-02	-3.293879628181457520e-01
-2.221317291259765625e-01	-7.950274646282196045e-02	-4.084045886993408203e-01
-1.974368393421173096e-01	-1.217869520187377930e-01	-4.092780351638793945e-01
-2.227332442998886108e-01	-1.635707020759582520e-01	-3.893911540508270264e-01
-2.877853512763977051e-01	-1.847400218248367310e-01	-3.534460365772247314e-01
-3.376191854476928711e-01	-1.830437928438186646e-01	-3.301657140254974365e-01
-3.840416967868804932e-01	-1.850835978984832764e-01	-3.206323981285095215e-01
-4.177986681461334229e-01	-1.472843289375305176e-01	-3.061433136463165283e-01
-4.086329936981201172e-01	-1.581040322780609131e-01	-3.067576885223388672e-01
-4.017339050769805908e-01	-1.831926107406616211e-01	-2.896488606929779053e-01
-3.870126307010650635e-01	-1.968306303024291992e-01	-2.573044598102569580e-01
-3.640154302120208740e-01	-2.100995332002639771e-01	-2.340345680713653564e-01
-3.546454310417175293e-01	-2.256075292825698853e-01	-2.341110110282897949e-01
-3.374568819999694824e-01	-2.309275716543197632e-01	-2.469480633735656738e-01
-3.436674773693084717e-01	-2.220470607280731201e-01	-2.526645958423614502e-01
-3.323279619216918945e-01	-2.266180962324142456e-01	-2.765820324420928955e-01
-3.411482274532318115e-01	-2.117069363594055176e-01	-2.781224548816680908e-01
-3.786814510822296143e-01	-1.619928628206253052e-01	-2.823729217052459717e-01
-4.361860752105712891e-01	-1.172833889722824097e-01	-2.561142742633819580e-01
-4.632681310176849365e-01	-1.114054694771766663e-01	-2.549223303794860840e-01
-4.871852397918701172e-01	-1.517160832881927490e-01	-2.470845878124237061e-01
-4.835691452026367188e-01	-1.620074808597564697e-01	-2.561534047126770020e-01
-4.567479193210601807e-01	-1.361320912837982178e-01	-2.640308439731597900e-01
-4.398162961006164551e-01	-9.574215114116668701e-02	-2.891444563865661621e-01
-4.504787027835845947e-01	-8.793595433235168457e-02	-3.156806230545043945e-01
-4.597386717796325684e-01	-9.188469499349594116e-02	-3.346360921859741211e-01
-4.474832117557525635e-01	-1.380062103271484375e-01	-3.654603362083435059e-01
-4.269667863845825195e-01	-1.620722264051437378e-01	-3.609731495380401611e-01
-3.825244605541229248e-01	-1.946193873882293701e-01	-3.640399575233459473e-01
-3.935357928276062012e-01	-1.847628653049468994e-01	-3.438923358917236328e-01
-4.010181427001953125e-01	-1.814455240964889526e-01	-3.246558904647827148e-01
-4.707031548023223877e-01	-1.858662217855453491e-01	-2.842785716056823730e-01
-5.229794979095458984e-01	-1.763012260198593140e-01	-2.179174423217773438e-01
-5.310673117637634277e-01	-1.876077950000762939e-01	-1.572334319353103638e-01
-5.127674341201782227e-01	-1.909884363412857056e-01	-1.278985440731048584e-01
-4.855630993843078613e-01	-2.135156542062759399e-01	-9.318257868289947510e-02
-5.010402202606201172e-01	-2.042266428470611572e-01	-4.931855574250221252e-02
-5.238553881645202637e-01	-1.795318424701690674e-01	2.488926984369754791e-03
-5.321897864341735840e-01	-1.736223697662353516e-01	5.651345476508140564e-02
-5.277705192565917969e-01	-1.832500398159027100e-01	9.781948477029800415e-02
-5.326058268547058105e-01	-2.134521007537841797e-01	1.187475770711898804e-01
-5.094131827354431152e-01	-2.640968859195709229e-01	1.581635624170303345e-01
-4.927046597003936768e-01	-3.137054443359375000e-01	1.451696604490280151e-01
-5.258407592773437500e-01	-3.321855962276458740e-01	1.737847030162811279e-01
-5.932101011276245117e-01	-3.257365822792053223e-01	1.811445504426956177e-01
-6.267784833908081055e-01	-2.870730757713317871e-01	2.238827347755432129e-01
-6.347986459732055664e-01	-3.081023991107940674e-01	2.412963211536407471e-01
-6.198469400405883789e-01	-3.679907023906707764e-01	2.500618696212768555e-01
-6.563693284988403320e-01	-4.258182346820831299e-01	2.335896193981170654e-01
-6.633171439170837402e-01	-4.679841697216033936e-01	2.203541696071624756e-01
-6.815122365951538086e-01	-4.727520644664764404e-01	1.905343830585479736e-01
-6.583058238029479980e-01	-4.879156053066253662e-01	1.871112138032913208e-01
-6.377292275428771973e-01	-4.983841776847839355e-01	1.668941527605056763e-01
-6.279914379119873047e-01	-4.568385183811187744e-01	1.721643805503845215e-01
-6.100032925605773926e-01	-4.045490324497222900e-01	1.591443866491317749e-01
-5.979434847831726074e-01	-3.774375319480895996e-01	1.503956913948059082e-01
-6.249238252639770508e-01	-4.038171768188476562e-01	1.349502503871917725e-01
-6.571016311645507812e-01	-4.233671128749847412e-01	1.503915190696716309e-01
-6.242416501045227051e-01	-4.115822315216064453e-01	1.989516168832778931e-01
-6.103634238243103027e-01	-4.037972688674926758e-01	2.474762201309204102e-01
-5.968325138092041016e-01	-4.136493504047393799e-01	2.673124670982360840e-01
-6.102924942970275879e-01	-4.026173949241638184e-01	2.376800924539566040e-01
-5.850313305854797363e-01	-4.220476746559143066e-01	2.075552046298980713e-01
-5.572928190231323242e-01	-4.308374226093292236e-01	1.972084045410156250e-01
-5.120347142219543457e-01	-4.558601975440979004e-01	2.161636352539062500e-01
-4.794382750988006592e-01	-4.419231712818145752e-01	2.453404515981674194e-01
-4.344265460968017578e-01	-4.121518135070800781e-01	2.814178764820098877e-01
-4.113250672817230225e-01	-3.816865086555480957e-01	3.132678270339965820e-01
-4.142777621746063232e-01	-3.646723031997680664e-01	3.260188698768615723e-01
-4.255805313587188721e-01	-3.698711991310119629e-01	2.836689651012420654e-01
-4.171472489833831787e-01	-3.476265370845794678e-01	2.559438347816467285e-01
-4.210265874862670898e-01	-3.312729895114898682e-01	2.158069163560867310e-01
-4.426646232604980469e-01	-3.188652694225311279e-01	2.192436307668685913e-01
-4.598190188407897949e-01	-3.288248181343078613e-01	2.109578847885131836e-01
-4.566736519336700439e-01	-3.502839207649230957e-01	1.936596930027008057e-01
-4.415811300277709961e-01	-3.674788773059844971e-01	2.081935256719589233e-01
-4.366534054279327393e-01	-4.038474857807159424e-01	2.305085211992263794e-01
-4.291206896305084229e-01	-4.512090086936950684e-01	2.682871222496032715e-01
-4.375091493129730225e-01	-4.813313484191894531e-01	2.925924360752105713e-01
-4.356054663658142090e-01	-4.966494739055633545e-01	3.172083199024200439e-01
-3.873443603515625000e-01	-4.955292642116546631e-01	3.516452908515930176e-01
-4.113381803035736084e-01	-4.934241175651550293e-01	3.964360058307647705e-01
-4.145599901676177979e-01	-4.803895056247711182e-01	3.845925033092498779e-01
-3.940381109714508057e-01	-4.404328167438507080e-01	3.285327851772308350e-01
-3.973858654499053955e-01	-4.148604273796081543e-01	2.567136585712432861e-01
-3.976992666721343994e-01	-4.323989152908325195e-01	1.954050213098526001e-01
-4.171213209629058838e-01	-4.473583400249481201e-01	1.663212180137634277e-01
-3.935383856296539307e-01	-4.458938539028167725e-01	1.685356050729751587e-01
-3.970307111740112305e-01	-4.340037405490875244e-01	2.113306820392608643e-01
-3.674705326557159424e-01	-3.767488598823547363e-01	2.629445493221282959e-01
-3.561954200267791748e-01	-3.598645329475402832e-01	2.712714076042175293e-01
-3.520999848842620850e-01	-3.741832077503204346e-01	2.572527825832366943e-01
-3.589263558387756348e-01	-3.792463243007659912e-01	2.178662121295928955e-01
-3.540218472480773926e-01	-3.657608032226562500e-01	1.788047701120376587e-01
-3.511426448822021484e-01	-3.422402143478393555e-01	1.251209080219268799e-01
-3.206184804439544678e-01	-3.160917162895202637e-01	7.166814059019088745e-02
-2.773755192756652832e-01	-2.780829370021820068e-01	2.552661858499050140e-02
-2.515983581542968750e-01	-2.551313638687133789e-01	-3.742640838027000427e-02
-2.384005784988403320e-01	-2.518476843833923340e-01	-1.211936548352241516e-01
-2.235392630100250244e-01	-2.648988664150238037e-01	-2.353747934103012085e-01
-1.856120377779006958e-01	-2.618582546710968018e-01	-2.907004356384277344e-01
-1.684191077947616577e-01	-2.510054707527160645e-01	-3.045610487461090088e-01
-1.715379208326339722e-01	-2.309018373489379883e-01	-2.983941435813903809e-01
-1.701093912124633789e-01	-2.239160835742950439e-01	-2.820420563220977783e-01
-1.247241497039794922e-01	-2.227865308523178101e-01	-2.238447666168212891e-01
-5.882169678807258606e-02	-2.303659766912460327e-01	-1.582252830266952515e-01
7.697520405054092407e-02	-2.632960975170135498e-01	-1.002586334943771362e-01
1.491464674472808838e-01	-3.047370612621307373e-01	-4.706538841128349304e-02
1.556225568056106567e-01	-3.685195147991180420e-01	-1.149710267782211304e-03
8.416627347469329834e-02	-3.899959027767181396e-01	2.422275207936763763e-02
4.008170962333679199e-02	-4.255516827106475830e-01	2.057516574859619141e-02
8.881391957402229309e-03	-4.385508596897125244e-01	-1.829448901116847992e-02
4.550327081233263016e-03	-4.186461269855499268e-01	-5.702495202422142029e-02
6.252069026231765747e-03	-2.986786067485809326e-01	-8.077111095190048218e-02
3.375827521085739136e-02	-2.129855453968048096e-01	-1.187834665179252625e-01
6.757266074419021606e-02	-1.635921001434326172e-01	-1.590099632740020752e-01
9.686820954084396362e-02	-1.198902875185012817e-01	-2.094335407018661499e-01
1.100369393825531006e-01	-7.559122145175933838e-02	-2.625537514686584473e-01
1.347670853137969971e-01	-3.469823673367500305e-02	-3.371792137622833252e-01
1.892177611589431763e-01	1.920007914304733276e-02	-3.631962239742279053e-01
2.530827820301055908e-01	6.996304541826248169e-02	-3.340923488140106201e-01
3.190024495124816895e-01	7.637192308902740479e-02	-3.227225840091705322e-01
3.121830523014068604e-01	9.066632390022277832e-02	-3.235439360141754150e-01
2.404404431581497192e-01	1.050826758146286011e-01	-3.724655508995056152e-01
1.855369359254837036e-01	1.337542831897735596e-01	-3.952057361602783203e-01
2.008307576179504395e-01	1.477488577365875244e-01	-4.425714015960693359e-01
2.563216388225555420e-01	1.203686892986297607e-01	-4.678367674350738525e-01
2.950698435306549072e-01	7.800185680389404297e-02	-4.677183926105499268e-01
2.818807363510131836e-01	6.191785261034965515e-02	-4.161238670349121094e-01
2.299686223268508911e-01	6.519190967082977295e-02	-3.487510979175567627e-01
1.366245001554489136e-01	8.230219781398773193e-02	-2.568299174308776855e-01
4.801809415221214294e-02	8.733086287975311279e-02	-2.359497696161270142e-01
1.924623362720012665e-02	1.024975627660751343e-01	-2.736584544181823730e-01
1.398958172649145126e-02	1.295017898082733154e-01	-3.589860796928405762e-01
4.914852231740951538e-02	1.611654609441757202e-01	-4.234175980091094971e-01
7.502238452434539795e-02	2.035747766494750977e-01	-4.824484884738922119e-01
1.138852983713150024e-01	2.628759443759918213e-01	-5.249205827713012695e-01
1.584620624780654907e-01	3.282947540283203125e-01	-5.540549159049987793e-01
1.832373589277267456e-01	3.511695861816406250e-01	-5.644722580909729004e-01
2.230989485979080200e-01	3.647462129592895508e-01	-5.691457986831665039e-01
2.663096487522125244e-01	3.723579347133636475e-01	-5.894339084625244141e-01
3.154454827308654785e-01	3.550993502140045166e-01	-5.975996851921081543e-01
3.326153457164764404e-01	3.078857362270355225e-01	-5.987920165061950684e-01
3.859090805053710938e-01	2.735106050968170166e-01	-5.726153850555419922e-01
4.065375924110412598e-01	2.196148782968521118e-01	-5.317071080207824707e-01
4.256190359592437744e-01	2.298420369625091553e-01	-4.869837164878845215e-01
4.184000492095947266e-01	2.692534923553466797e-01	-4.464479088783264160e-01
3.865823149681091309e-01	2.459762394428253174e-01	-4.486526548862457275e-01
3.682204484939575195e-01	2.014179527759552002e-01	-4.767351746559143066e-01
3.356171846389770508e-01	1.503186672925949097e-01	-4.930965900421142578e-01
3.195633888244628906e-01	1.369883716106414795e-01	-4.895716309547424316e-01
3.039776682853698730e-01	1.338976025581359863e-01	-4.583370089530944824e-01
2.988949418067932129e-01	6.076004356145858765e-02	-4.558718800544738770e-01
2.995480597019195557e-01	-7.140339352190494537e-03	-4.255865216255187988e-01
3.028583526611328125e-01	-4.144467785954475403e-02	-3.740329146385192871e-01
2.841855883598327637e-01	-2.284092828631401062e-02	-2.954519391059875488e-01
2.778988182544708252e-01	-2.966683590784668922e-03	-2.301192283630371094e-01
2.765764296054840088e-01	3.491746261715888977e-02	-1.874257624149322510e-01
2.759624719619750977e-01	4.365979880094528198e-02	-1.759222745895385742e-01
2.688159942626953125e-01	6.557586789131164551e-02	-1.486904770135879517e-01
2.532259523868560791e-01	7.484049350023269653e-02	-1.056030616164207458e-01
2.547063827514648438e-01	1.037098541855812073e-01	-3.685155138373374939e-02
2.678915560245513916e-01	1.009617149829864502e-01	7.508388720452785492e-03
1.535151004791259766e-01	3.194629028439521790e-02	-1.084121316671371460e-02
8.416312187910079956e-02	8.808895014226436615e-03	-1.219217386096715927e-02
4.513700306415557861e-02	2.420088741928339005e-03	-1.081173028796911240e-02
5.372228100895881653e-02	4.533392935991287231e-02	-3.487708792090415955e-02
6.440696120262145996e-02	6.639042496681213379e-02	-7.372539490461349487e-02
5.285075679421424866e-02	9.376304596662521362e-02	-1.160959824919700623e-01
4.472668096423149109e-02	1.231313794851303101e-01	-1.523075997829437256e-01
4.597125947475433350e-02	1.714616715908050537e-01	-1.891179829835891724e-01
4.613576829433441162e-02	2.110436856746673584e-01	-1.889910101890563965e-01
3.804669901728630066e-02	2.366436123847961426e-01	-1.855676174163818359e-01
5.057602655142545700e-03	2.417324781417846680e-01	-1.497239619493484497e-01
-3.748467564582824707e-02	2.327094376087188721e-01	-1.435450166463851929e-01
-5.295819789171218872e-02	2.206793427467346191e-01	-1.510235369205474854e-01
-7.418680191040039062e-02	2.073357105255126953e-01	-1.616866439580917358e-01
-1.170441508293151855e-01	1.648567169904708862e-01	-1.875286400318145752e-01
-1.364780068397521973e-01	1.426645219326019287e-01	-2.228151410818099976e-01
-1.074802726507186890e-01	1.205946728587150574e-01	-2.402538359165191650e-01
-6.004620343446731567e-02	9.958741068840026855e-02	-2.786257266998291016e-01
-8.945686370134353638e-02	7.916103303432464600e-02	-2.570508718490600586e-01
-1.441980153322219849e-01	5.431003496050834656e-02	-2.150149643421173096e-01
-1.776308417320251465e-01	4.922006279230117798e-02	-1.737502217292785645e-01
-1.940840184688568115e-01	9.124460816383361816e-02	-1.386899501085281372e-01
-1.541677266359329224e-01	1.430167108774185181e-01	-1.375634819269180298e-01
-1.394196450710296631e-01	1.616833209991455078e-01	-1.354133039712905884e-01
-1.830417215824127197e-01	1.776187419891357422e-01	-5.375365167856216431e-02
-2.128701955080032349e-01	1.575154662132263184e-01	3.438301011919975281e-02
-2.441762536764144897e-01	1.522477269172668457e-01	6.546218693256378174e-02
-2.135179489850997925e-01	1.497195810079574585e-01	8.045596629381179810e-02
-1.746464371681213379e-01	1.845629811286926270e-01	4.578745737671852112e-02
-1.317931264638900757e-01	2.034554481506347656e-01	1.752196811139583588e-02
-1.046689301729202271e-01	2.049802243709564209e-01	-3.656938788481056690e-04
-6.010649353265762329e-02	1.859353184700012207e-01	-5.482420790940523148e-03
2.081460133194923401e-02	1.382031738758087158e-01	-2.428605593740940094e-02
4.778598248958587646e-02	1.053030639886856079e-01	-1.479246839880943298e-02
3.617617115378379822e-02	7.487622648477554321e-02	-1.145781576633453369e-02
-1.411156961694359779e-03	5.013932660222053528e-02	-2.510295249521732330e-02
-6.092376261949539185e-02	3.753602132201194763e-02	-4.681299626827239990e-02
-1.321027576923370361e-01	3.969252854585647583e-02	-7.359556108713150024e-02
-1.825122982263565063e-01	7.097502797842025757e-02	-1.213453784584999084e-01
-2.472337037324905396e-01	1.357981860637664795e-01	-1.652701497077941895e-01
-2.862108349800109863e-01	1.788941472768783569e-01	-2.090664803981781006e-01
-3.205580711364746094e-01	2.059090286493301392e-01	-2.253983169794082642e-01
-2.954533696174621582e-01	1.834106445312500000e-01	-2.421814799308776855e-01
-3.097752034664154053e-01	1.432423889636993408e-01	-2.555314898490905762e-01
-3.227431774139404297e-01	1.256451904773712158e-01	-2.606982588768005371e-01
-3.435261249542236328e-01	1.364719569683074951e-01	-2.620528638362884521e-01
-3.841311037540435791e-01	1.588650494813919067e-01	-2.743643522262573242e-01
-4.383904337882995605e-01	1.598469167947769165e-01	-3.336426317691802979e-01
-4.566828012466430664e-01	1.579135656356811523e-01	-3.802691698074340820e-01
-4.600155651569366455e-01	1.380411088466644287e-01	-4.129758179187774658e-01
-5.022196173667907715e-01	1.285928338766098022e-01	-4.591245055198669434e-01
-5.288630127906799316e-01	1.304986774921417236e-01	-5.164796710014343262e-01
-5.140318274497985840e-01	1.285273134708404541e-01	-5.407911539077758789e-01
-4.707534909248352051e-01	1.453835666179656982e-01	-5.512465834617614746e-01
-4.393321573734283447e-01	1.561146527528762817e-01	-5.799974799156188965e-01
-3.973140716552734375e-01	1.464426219463348389e-01	-6.219320893287658691e-01
-3.450920581817626953e-01	1.174416989088058472e-01	-6.340478658676147461e-01
-3.247325420379638672e-01	9.772411733865737915e-02	-6.514275670051574707e-01
-3.018568456172943115e-01	6.781766563653945923e-02	-6.370993852615356445e-01
-3.281128406524658203e-01	6.150273233652114868e-02	-5.868340134620666504e-01
-3.248153924942016602e-01	5.981577187776565552e-02	-5.404179096221923828e-01
-3.498165905475616455e-01	7.797190546989440918e-02	-5.005686283111572266e-01
-4.075562953948974609e-01	7.044435292482376099e-02	-5.030307769775390625e-01
-4.893684685230255127e-01	4.265905916690826416e-02	-4.884020388126373291e-01
-5.584208965301513672e-01	1.479949243366718292e-02	-4.751794040203094482e-01
-5.747273564338684082e-01	-1.437144447118043900e-02	-4.018944501876831055e-01
-5.728328227996826172e-01	-1.620191149413585663e-02	-3.196766376495361328e-01
-5.362367630004882812e-01	-2.699958859011530876e-03	-2.204323261976242065e-01
-5.131638646125793457e-01	-5.135037004947662354e-03	-1.342149972915649414e-01
-4.608997404575347900e-01	1.864252495579421520e-03	-4.154199361801147461e-02
-4.402607381343841553e-01	-3.245319006964564323e-03	3.624064475297927856e-02
-4.192785024642944336e-01	-1.135804411023855209e-02	1.142351776361465454e-01
-4.331228733062744141e-01	6.383696570992469788e-03	1.593237966299057007e-01
-4.231075942516326904e-01	2.259417995810508728e-02	1.770204007625579834e-01
-3.929310441017150879e-01	2.514738030731678009e-02	1.677190214395523071e-01
-3.877005577087402344e-01	-5.609587300568819046e-03	1.471901386976242065e-01
-3.639692664146423340e-01	1.455538673326373100e-03	1.345114558935165405e-01
-3.971673250198364258e-01	1.843178644776344299e-02	1.185157075524330139e-01
-4.368105530738830566e-01	3.405042365193367004e-02	1.281158626079559326e-01
-4.939959049224853516e-01	6.468279659748077393e-02	1.453434824943542480e-01
-5.471625924110412598e-01	3.628229722380638123e-02	1.542555987834930420e-01
-5.688707828521728516e-01	-1.360857114195823669e-02	1.413071155548095703e-01
-5.722873806953430176e-01	-5.573574081063270569e-02	1.253521889448165894e-01
-5.383064746856689453e-01	-6.013949215412139893e-02	1.262335479259490967e-01
-4.752629399299621582e-01	-2.587348036468029022e-02	1.141107082366943359e-01
-4.474297463893890381e-01	-6.377157568931579590e-02	1.039107367396354675e-01
-4.658795595169067383e-01	-1.643656492233276367e-01	1.256912350654602051e-01
-5.204050540924072266e-01	-2.413690686225891113e-01	1.451291292905807495e-01
-5.611919760704040527e-01	-2.477700710296630859e-01	1.905867904424667358e-01
-5.476309061050415039e-01	-2.534940838813781738e-01	2.007895857095718384e-01
-5.359632372856140137e-01	-2.392560541629791260e-01	2.212776988744735718e-01
-5.495401620864868164e-01	-2.050613909959793091e-01	2.132800370454788208e-01
-5.624083280563354492e-01	-1.535456776618957520e-01	1.971046477556228638e-01
-5.721600055694580078e-01	-1.262516975402832031e-01	1.574067473411560059e-01
-6.086961627006530762e-01	-1.245223879814147949e-01	1.382444947957992554e-01
-6.401961445808410645e-01	-1.023217141628265381e-01	1.145448237657546997e-01
-6.339331865310668945e-01	-1.289030015468597412e-01	3.787083551287651062e-02
-6.120483279228210449e-01	-1.591723412275314331e-01	-1.485025603324174881e-02
-5.874218940734863281e-01	-1.974704712629318237e-01	-6.020408868789672852e-02
-5.440806150436401367e-01	-2.251995652914047241e-01	-8.739186078310012817e-02
-5.237505435943603516e-01	-2.246954292058944702e-01	-8.775281161069869995e-02
-5.320203900337219238e-01	-1.999962627887725830e-01	-7.767619192600250244e-02
-5.339239835739135742e-01	-1.861844658851623535e-01	-7.627785205841064453e-02
-5.160983800888061523e-01	-1.748392283916473389e-01	-5.854016169905662537e-02
-4.911382198333740234e-01	-1.920104026794433594e-01	-7.920660823583602905e-02
-4.475513398647308350e-01	-2.061529606580734253e-01	-1.025576889514923096e-01
-4.479913115501403809e-01	-2.132419496774673462e-01	-1.519281268119812012e-01
-4.237731397151947021e-01	-2.058039158582687378e-01	-1.763795614242553711e-01
-4.315580427646636963e-01	-1.699394732713699341e-01	-1.897394210100173950e-01
-4.002519547939300537e-01	-1.458647549152374268e-01	-2.111902236938476562e-01
-3.876664638519287109e-01	-9.942517429590225220e-02	-2.264137566089630127e-01
-3.763659894466400146e-01	-4.931558296084403992e-02	-2.375957369804382324e-01
-3.692483901977539062e-01	4.605830088257789612e-02	-1.947152167558670044e-01
-3.467417359352111816e-01	5.340872332453727722e-02	-2.029636204242706299e-01
-3.326806426048278809e-01	6.416323035955429077e-02	-1.960107684135437012e-01
-3.126003444194793701e-01	6.749341636896133423e-02	-1.640646606683731079e-01
-3.054228723049163818e-01	7.527124881744384766e-02	-1.270348727703094482e-01
-2.409707605838775635e-01	1.103725060820579529e-01	-1.331589221954345703e-01
-1.395730078220367432e-01	1.442665606737136841e-01	-1.857147067785263062e-01
-5.402695760130882263e-02	1.774951815605163574e-01	-2.266634702682495117e-01
-6.780629046261310577e-03	2.068845629692077637e-01	-2.552028596401214600e-01
-2.005911618471145630e-02	2.657464146614074707e-01	-2.723670303821563721e-01
-6.074934452772140503e-02	2.872823476791381836e-01	-3.169501423835754395e-01
-7.832692563533782959e-02	2.962028086185455322e-01	-3.410806357860565186e-01
-6.861022859811782837e-02	2.936657369136810303e-01	-3.731751143932342529e-01
-8.323862403631210327e-02	2.979597747325897217e-01	-3.584752380847930908e-01
-1.278025060892105103e-01	2.589131295680999756e-01	-3.032692670822143555e-01
-1.696156263351440430e-01	2.333309501409530640e-01	-2.528601884841918945e-01
-1.791941225528717041e-01	2.154812961816787720e-01	-2.051806151866912842e-01
-1.673456579446792603e-01	2.170569151639938354e-01	-1.786091476678848267e-01
-1.612213999032974243e-01	1.817744821310043335e-01	-1.381963938474655151e-01
-2.045180797576904297e-01	1.437635570764541626e-01	-9.064882248640060425e-02
-2.554668784141540527e-01	1.034509912133216858e-01	-5.762002244591712952e-02
-3.163742721080780029e-01	7.374157011508941650e-02	-2.179911546409130096e-02
-3.728405833244323730e-01	5.220771208405494690e-02	-1.102741528302431107e-02
-4.031169712543487549e-01	4.720067977905273438e-02	6.290460936725139618e-03
-4.294363558292388916e-01	7.744111120700836182e-02	1.424261601641774178e-03
-4.058601558208465576e-01	7.485855370759963989e-02	5.822983384132385254e-02
-4.271498620510101318e-01	8.767826110124588013e-02	6.176459789276123047e-02
-4.227126538753509521e-01	7.341831177473068237e-02	5.879848450422286987e-02
-3.899645209312438965e-01	7.292387634515762329e-02	4.003529623150825500e-02
-2.982801795005798340e-01	6.447089463472366333e-02	2.026082947850227356e-02
-2.364495396614074707e-01	6.758371740579605103e-02	3.089382499456405640e-02
-1.010137572884559631e-01	4.654337093234062195e-02	-1.795522682368755341e-02
-1.676928699016571045e-01	4.410327970981597900e-02	1.040303632616996765e-01
-2.023600488901138306e-01	2.174538560211658478e-02	1.799069941043853760e-01
-2.267678081989288330e-01	-4.978758469223976135e-02	2.012362182140350342e-01
-2.419784665107727051e-01	-9.043546766042709351e-02	2.252165079116821289e-01
-2.963930070400238037e-01	-8.278203010559082031e-02	2.355556488037109375e-01
-3.816233277320861816e-01	-3.301774337887763977e-02	2.373910546302795410e-01
-4.905869662761688232e-01	2.105111628770828247e-02	2.043167799711227417e-01
-5.498237013816833496e-01	8.055038005113601685e-02	1.691746264696121216e-01
-5.643312335014343262e-01	1.447684317827224731e-01	1.349924355745315552e-01
-5.453901886940002441e-01	1.911597102880477905e-01	1.044233441352844238e-01
-5.057542920112609863e-01	2.513159215450286865e-01	1.025441586971282959e-01
-4.751537740230560303e-01	2.958492636680603027e-01	1.184857115149497986e-01
-4.549980759620666504e-01	3.273366689682006836e-01	1.510335057973861694e-01
-4.391019344329833984e-01	3.214847445487976074e-01	1.925269067287445068e-01
-3.957727253437042236e-01	3.156003057956695557e-01	2.102890610694885254e-01
-3.691780865192413330e-01	3.365771770477294922e-01	2.062842696905136108e-01
-3.175723552703857422e-01	3.959365189075469971e-01	1.448735147714614868e-01
-2.874526381492614746e-01	4.211718738079071045e-01	6.222129613161087036e-02
-2.665590941905975342e-01	4.002487957477569580e-01	2.685290202498435974e-02
-2.745869457721710205e-01	3.619845807552337646e-01	1.644254289567470551e-02
-2.615960240364074707e-01	2.982148528099060059e-01	2.212938480079174042e-02
-2.362274229526519775e-01	2.394937872886657715e-01	1.357552036643028259e-02
-2.561652660369873047e-01	1.903825700283050537e-01	1.948730088770389557e-02
-3.126054406166076660e-01	1.958693116903305054e-01	2.988213673233985901e-02
-3.691591918468475342e-01	2.173166722059249878e-01	2.394394017755985260e-02
-4.116993844509124756e-01	2.190518081188201904e-01	2.785383164882659912e-02
-4.011968076229095459e-01	2.015654444694519043e-01	2.372650988399982452e-02
-3.937413096427917480e-01	1.566200405359268188e-01	2.482750639319419861e-02
-4.056983888149261475e-01	1.217207610607147217e-01	-3.063569311052560806e-03
-3.975981175899505615e-01	6.386888772249221802e-02	-3.845537453889846802e-02
-4.176329374313354492e-01	5.833988264203071594e-02	-6.251598894596099854e-02
-4.182648956775665283e-01	6.076119840145111084e-02	-6.807018816471099854e-02
-3.964396417140960693e-01	6.174521893262863159e-02	-7.430873066186904907e-02
-3.692121505737304688e-01	4.043541103601455688e-02	-3.222382441163063049e-02
-3.275983929634094238e-01	7.791197299957275391e-02	-3.448197850957512856e-03
-2.921898663043975830e-01	6.192908063530921936e-02	2.220072969794273376e-02
-1.283725798130035400e-01	4.694635421037673950e-02	-2.316368930041790009e-02
-5.244346708059310913e-02	3.297210857272148132e-02	-3.859171271324157715e-02
-1.740958727896213531e-02	2.280243672430515289e-02	-4.065739735960960388e-02
-2.028686925768852234e-03	1.619816757738590240e-02	-3.750571981072425842e-02
4.267739597707986832e-03	1.214574370533227921e-02	-3.304925933480262756e-02
9.562076628208160400e-02	-2.495707944035530090e-02	6.300819665193557739e-02
1.283386945724487305e-01	-6.828629225492477417e-02	1.354913562536239624e-01
1.752137094736099243e-01	-1.043046414852142334e-01	2.214190810918807983e-01
1.757272779941558838e-01	-1.543504744768142700e-01	2.833039462566375732e-01
1.808243989944458008e-01	-1.669902354478836060e-01	3.471987247467041016e-01
1.847182810306549072e-01	-1.824345439672470093e-01	3.892203867435455322e-01
4.593838751316070557e-02	-1.027814075350761414e-01	3.019686937332153320e-01
1.450200378894805908e-01	-1.550000458955764771e-01	2.909018397331237793e-01
1.909258514642715454e-01	-1.977117955684661865e-01	2.927932739257812500e-01
1.876356601715087891e-01	-2.113327831029891968e-01	3.114551901817321777e-01
1.133267804980278015e-01	-2.222689241170883179e-01	3.356477618217468262e-01
2.158689871430397034e-02	-2.463450431823730469e-01	3.681784272193908691e-01
-1.612715236842632294e-02	-2.689817845821380615e-01	4.096134901046752930e-01
9.821430593729019165e-02	-3.214808106422424316e-01	4.849809408187866211e-01
2.030380219221115112e-01	-3.137836158275604248e-01	5.635874271392822266e-01
2.617464363574981689e-01	-3.012580275535583496e-01	6.258305311203002930e-01
2.344774752855300903e-01	-2.940000593662261963e-01	6.775588393211364746e-01
1.961884796619415283e-01	-3.012511432170867920e-01	7.039597034454345703e-01
1.603384315967559814e-01	-2.987897992134094238e-01	7.293275594711303711e-01
1.531193554401397705e-01	-2.673390507698059082e-01	7.599993944168090820e-01
1.243319362401962280e-01	-2.488399595022201538e-01	7.768289446830749512e-01
1.028933078050613403e-01	-2.229685634374618530e-01	7.752663493156433105e-01
1.080900281667709351e-01	-2.169487625360488892e-01	7.682718634605407715e-01
1.611018925905227661e-01	-2.210338860750198364e-01	7.682182192802429199e-01
2.457147687673568726e-01	-2.298105061054229736e-01	7.843446731567382812e-01
3.194218873977661133e-01	-2.278828471899032593e-01	8.246222734451293945e-01
3.872074782848358154e-01	-2.411041110754013062e-01	8.578943610191345215e-01
4.054868221282958984e-01	-2.436722218990325928e-01	8.810245394706726074e-01
3.961571753025054932e-01	-2.501417398452758789e-01	8.565912842750549316e-01
3.661110103130340576e-01	-2.228838950395584106e-01	7.867479324340820312e-01
3.393695652484893799e-01	-1.759862750768661499e-01	7.060876488685607910e-01
3.203991651535034180e-01	-1.210818216204643250e-01	6.301443576812744141e-01
2.924544215202331543e-01	-9.375184029340744019e-02	5.628196597099304199e-01
2.823239564895629883e-01	-8.477749675512313843e-02	5.092844367027282715e-01
2.800060510635375977e-01	-6.168308109045028687e-02	4.817459583282470703e-01
3.115858137607574463e-01	-5.518093705177307129e-02	4.218948483467102051e-01
3.451329171657562256e-01	-5.728508159518241882e-02	3.935636579990386963e-01
3.472644984722137451e-01	-8.160048723220825195e-02	3.708845973014831543e-01
3.086836040019989014e-01	-9.816309809684753418e-02	3.809855878353118896e-01
2.544620037078857422e-01	-1.300117969512939453e-01	4.235959649085998535e-01
1.921982318162918091e-01	-1.538785845041275024e-01	4.551422894001007080e-01
1.533609926700592041e-01	-1.462759524583816528e-01	4.792785048484802246e-01
1.436112374067306519e-01	-1.066960915923118591e-01	4.855455458164215088e-01
1.779806613922119141e-01	-7.202705740928649902e-02	4.833027422428131104e-01
2.145800590515136719e-01	-1.877443306148052216e-02	4.890362024307250977e-01
2.353556305170059204e-01	1.762008294463157654e-02	4.195757210254669189e-01
2.336992025375366211e-01	1.821350306272506714e-02	3.633113205432891846e-01
2.126785665750503540e-01	1.366670057177543640e-02	3.323978185653686523e-01
2.351118773221969604e-01	-2.249250886961817741e-03	3.138307034969329834e-01
2.558887600898742676e-01	-2.824085019528865814e-02	2.895498871803283691e-01
3.090130984783172607e-01	-2.764210291206836700e-02	2.650264203548431396e-01
3.282592296600341797e-01	-1.270703505724668503e-02	2.916634082794189453e-01
3.157279789447784424e-01	1.397749688476324081e-02	3.278778493404388428e-01
2.673158943653106689e-01	2.972903102636337280e-02	3.760068714618682861e-01
2.870286405086517334e-01	3.981267288327217102e-02	4.112761020660400391e-01
3.010208010673522949e-01	4.311241582036018372e-02	4.154746532440185547e-01
3.043585717678070068e-01	4.397898912429809570e-02	3.996128141880035400e-01
2.765561342239379883e-01	-5.044357851147651672e-03	3.750378787517547607e-01
2.599062025547027588e-01	-3.035354055464267731e-02	3.821851909160614014e-01
2.056924998760223389e-01	-7.192690670490264893e-02	3.550443947315216064e-01
1.461950242519378662e-01	-8.986698836088180542e-02	2.974437475204467773e-01
9.950389713048934937e-02	-1.243772208690643311e-01	2.927560210227966309e-01
8.450676500797271729e-02	-1.328617185354232788e-01	2.956419289112091064e-01
6.602055579423904419e-02	-1.415597349405288696e-01	3.493761122226715088e-01
5.837823450565338135e-02	-1.328389346599578857e-01	3.915785551071166992e-01
4.530788958072662354e-02	-1.310801953077316284e-01	4.303854703903198242e-01
-6.857122294604778290e-03	-7.118877768516540527e-02	3.096645474433898926e-01
5.141703784465789795e-02	-8.153975754976272583e-02	3.713071048259735107e-01
9.525998681783676147e-02	-7.192829251289367676e-02	3.947065174579620361e-01
1.334615349769592285e-01	-5.044785514473915100e-02	3.585799634456634521e-01
1.506936997175216675e-01	-9.305894374847412109e-03	2.994925975799560547e-01
1.308726221323013306e-01	5.698804184794425964e-02	2.066767364740371704e-01
1.565647423267364502e-01	9.351944178342819214e-02	9.301055222749710083e-02
1.892011463642120361e-01	9.735515713691711426e-02	-3.232271969318389893e-02
2.153581380844116211e-01	1.157912239432334900e-01	-1.011307463049888611e-01
2.095759660005569458e-01	1.482910066843032837e-01	-1.135386303067207336e-01
2.044260054826736450e-01	1.806055456399917603e-01	-1.352458149194717407e-01
2.232850342988967896e-01	2.099106609821319580e-01	-1.622425764799118042e-01
2.264056503772735596e-01	2.007068842649459839e-01	-1.025929972529411316e-01
2.441523969173431396e-01	1.765625029802322388e-01	-4.195401817560195923e-02
2.774806320667266846e-01	1.402164846658706665e-01	1.820830814540386200e-02
2.777997553348541260e-01	9.964121878147125244e-02	7.655815780162811279e-02
2.952606976032257080e-01	9.461767971515655518e-02	1.669931560754776001e-01
2.875044941902160645e-01	5.649884417653083801e-02	2.195578664541244507e-01
2.617123723030090332e-01	-5.700494628399610519e-03	2.422218322753906250e-01
2.048509120941162109e-01	-5.142780020833015442e-02	2.579396665096282959e-01
2.202994078397750854e-01	-5.531137064099311829e-02	2.261202633380889893e-01
2.497660070657730103e-01	-7.832313328981399536e-02	2.107213139533996582e-01
3.257615864276885986e-01	-1.239192336797714233e-01	1.867583990097045898e-01
3.439003825187683105e-01	-1.692126691341400146e-01	2.078593224287033081e-01
3.139473497867584229e-01	-2.184955328702926636e-01	2.556490600109100342e-01
2.577128112316131592e-01	-2.415159493684768677e-01	3.191862702369689941e-01
2.135125994682312012e-01	-2.648397684097290039e-01	3.376666903495788574e-01
1.946840137243270874e-01	-2.421867251396179199e-01	3.366654217243194580e-01
1.834255009889602661e-01	-2.146837413311004639e-01	3.272351324558258057e-01
1.520958691835403442e-01	-1.914400607347488403e-01	3.365752696990966797e-01
1.206193193793296814e-01	-1.722051799297332764e-01	3.318303823471069336e-01
1.092296391725540161e-01	-1.391864418983459473e-01	3.167580366134643555e-01
9.584186226129531860e-02	-9.342872351408004761e-02	3.056518435478210449e-01
8.367685228586196899e-02	-7.347734272480010986e-02	3.124768137931823730e-01
1.069880053400993347e-01	-4.006206616759300232e-02	3.059575557708740234e-01
1.188349947333335876e-01	-1.463565323501825333e-02	2.893712520599365234e-01
1.364407837390899658e-01	4.700473695993423462e-02	2.709332108497619629e-01
1.156883537769317627e-01	5.964604020118713379e-02	2.713662087917327881e-01
1.420544683933258057e-01	6.155866757035255432e-02	2.666779160499572754e-01
1.848795861005783081e-01	4.064758121967315674e-02	2.855948805809020996e-01
2.438315749168395996e-01	3.473691642284393311e-02	2.869447767734527588e-01
2.861990928649902344e-01	3.604498878121376038e-02	2.887934148311614990e-01
3.368911743164062500e-01	7.028671354055404663e-02	2.894847393035888672e-01
3.910768032073974609e-01	1.358231604099273682e-01	3.209927678108215332e-01
4.345968961715698242e-01	2.036552727222442627e-01	3.529315888881683350e-01
4.630229473114013672e-01	2.389744818210601807e-01	3.494739532470703125e-01
4.533560574054718018e-01	2.609657049179077148e-01	3.209974169731140137e-01
4.265779256820678711e-01	2.886036634445190430e-01	2.382065802812576294e-01
3.839666247367858887e-01	2.802058160305023193e-01	1.536722928285598755e-01
3.522642850875854492e-01	2.719286978244781494e-01	9.121801704168319702e-02
3.410823643207550049e-01	2.423716783523559570e-01	9.347859770059585571e-02
3.552000820636749268e-01	2.401861846446990967e-01	1.314945518970489502e-01
3.874059915542602539e-01	2.491793036460876465e-01	1.601373851299285889e-01
4.125505983829498291e-01	2.283569127321243286e-01	1.719823032617568970e-01
4.206543862819671631e-01	1.934039145708084106e-01	2.010538429021835327e-01
3.938376605510711670e-01	1.518437713384628296e-01	2.348901778459548950e-01
3.703157901763916016e-01	1.440954059362411499e-01	2.105875909328460693e-01
3.373983204364776611e-01	1.303275376558303833e-01	1.722825765609741211e-01
3.413642048835754395e-01	1.228933706879615784e-01	1.678662151098251343e-01
3.514842689037322998e-01	7.758852839469909668e-02	2.061429023742675781e-01
3.331193625926971436e-01	3.949642926454544067e-02	2.595628798007965088e-01
2.979427874088287354e-01	1.631831750273704529e-02	2.928004562854766846e-01
2.917768955230712891e-01	2.661589533090591431e-02	3.384166657924652100e-01
2.874813079833984375e-01	2.478033117949962616e-02	3.663015961647033691e-01
2.609574198722839355e-01	2.054387936368584633e-03	3.843366205692291260e-01
2.113182395696640015e-01	2.366825379431247711e-02	3.911615908145904541e-01
1.565537750720977783e-01	6.125720962882041931e-02	3.667214810848236084e-01
1.324610561132431030e-01	1.149222180247306824e-01	3.301536440849304199e-01
1.047358587384223938e-01	1.525091975927352905e-01	2.929367721080780029e-01
9.096547961235046387e-02	1.731373369693756104e-01	2.485550194978713989e-01
4.593110084533691406e-02	1.320335268974304199e-01	1.997355371713638306e-01
-4.251004429534077644e-04	7.275831699371337891e-02	1.672299653291702271e-01
-5.025829374790191650e-02	3.634999319911003113e-02	1.260535120964050293e-01
-8.074425905942916870e-02	5.498756840825080872e-02	9.644866734743118286e-02
-9.529747068881988525e-02	1.090514063835144043e-01	3.822681307792663574e-02
-9.283930808305740356e-02	1.725953817367553711e-01	7.053323090076446533e-03
-7.300332188606262207e-02	1.860239505767822266e-01	-1.987717673182487488e-02
-8.387628942728042603e-02	1.651052832603454590e-01	-8.307184325531125069e-04
-9.559734165668487549e-02	1.423486918210983276e-01	2.759328344836831093e-04
-6.152545660734176636e-02	1.067991182208061218e-01	-5.101070739328861237e-03
8.460302837193012238e-03	9.486357122659683228e-02	-4.766061611007899046e-04
6.456153839826583862e-02	9.110822528600692749e-02	4.263481532689183950e-04
7.167883217334747314e-02	1.110960692167282104e-01	1.015544310212135315e-02
9.415155649185180664e-02	1.414365619421005249e-01	3.422846272587776184e-02
1.176540404558181763e-01	1.636816114187240601e-01	1.183012351393699646e-01
1.743018776178359985e-01	1.927788406610488892e-01	1.654964834451675415e-01
2.190584242343902588e-01	1.672522872686386108e-01	1.924164444208145142e-01
2.386828064918518066e-01	1.490728855133056641e-01	1.627094745635986328e-01
2.472050040960311890e-01	1.082631945610046387e-01	1.564647257328033447e-01
2.600271105766296387e-01	6.832496076822280884e-02	1.573688536882400513e-01
2.605415880680084229e-01	4.555259272456169128e-02	1.712068468332290649e-01
1.331493407487869263e-01	4.858086758758872747e-04	1.143472194671630859e-01
6.614875793457031250e-02	-1.017382927238941193e-02	7.293313741683959961e-02
3.158361092209815979e-02	-8.991448208689689636e-03	4.603795334696769714e-02
1.515811868011951447e-02	-5.087124183773994446e-03	2.708499506115913391e-02
3.578202053904533386e-02	-1.580006442964076996e-02	5.537439137697219849e-02
6.097017228603363037e-02	-1.638970337808132172e-02	6.806378811597824097e-02
7.377576828002929688e-02	-2.443467639386653900e-02	6.982813775539398193e-02
6.352065503597259521e-02	-2.139343880116939545e-02	1.030654534697532654e-01
5.079158768057823181e-02	-3.358370438218116760e-02	1.446408033370971680e-01
1.556836534291505814e-02	-7.322305440902709961e-02	2.320414930582046509e-01
-5.055072251707315445e-03	-1.006010025739669800e-01	3.064313232898712158e-01
-5.156787578016519547e-03	-1.016415730118751526e-01	3.450023531913757324e-01
-3.861547156702727079e-04	-7.619619369506835938e-02	3.589572906494140625e-01
1.303348783403635025e-02	-1.030216217041015625e-01	3.571486175060272217e-01
2.701490302570164204e-05	-1.418157070875167847e-01	3.538623750209808350e-01
-1.600432582199573517e-02	-1.661628633737564087e-01	3.407686054706573486e-01
-6.460137665271759033e-02	-1.552912741899490356e-01	3.509880602359771729e-01
-8.763954043388366699e-02	-9.957835823297500610e-02	3.348915874958038330e-01
-7.971579581499099731e-02	-6.546460837125778198e-02	3.034582436084747314e-01
-4.812942445278167725e-02	-3.861251473426818848e-02	2.537898421287536621e-01
-6.045120581984519958e-02	7.286095991730690002e-03	2.591935396194458008e-01
-5.891587585210800171e-02	8.445369452238082886e-02	2.704179286956787109e-01
-2.380609326064586639e-02	1.208077147603034973e-01	3.093720078468322754e-01
5.292374640703201294e-02	1.763555556535720825e-01	3.533831834793090820e-01
1.263703852891921997e-01	2.219656556844711304e-01	3.509223163127899170e-01
1.819133162498474121e-01	2.428022623062133789e-01	2.819408476352691650e-01
2.022066861391067505e-01	2.266294211149215698e-01	2.014434635639190674e-01
2.183037996292114258e-01	1.997060179710388184e-01	1.458445638418197632e-01
2.469095438718795776e-01	2.154882848262786865e-01	1.074189767241477966e-01
2.729530036449432373e-01	1.993910968303680420e-01	3.867292404174804688e-02
2.707514166831970215e-01	1.865835785865783691e-01	-2.038096636533737183e-02
2.573360800743103027e-01	1.979079693555831909e-01	-2.047408744692802429e-02
2.452404648065567017e-01	1.955227106809616089e-01	-3.194581344723701477e-02
2.727882564067840576e-01	1.367680877447128296e-01	-2.701789699494838715e-02
2.747774422168731689e-01	9.614575654268264771e-02	-8.505357545800507069e-04
2.777476310729980469e-01	8.039408177137374878e-02	3.526982292532920837e-02
2.640886008739471436e-01	6.136225536465644836e-02	8.088099956512451172e-02
2.621889412403106689e-01	3.404222056269645691e-02	1.031654700636863708e-01
2.591167688369750977e-01	2.854715846478939056e-02	1.302097290754318237e-01
2.725454866886138916e-01	6.291650980710983276e-02	1.461843997240066528e-01
2.611665129661560059e-01	8.337724208831787109e-02	1.561725437641143799e-01
2.154476642608642578e-01	4.378573969006538391e-02	1.181104108691215515e-01
9.030359238386154175e-02	-2.571148984134197235e-02	5.871264636516571045e-02
-2.761597186326980591e-02	-6.419010460376739502e-02	9.755567647516727448e-03
-1.123140081763267517e-01	-1.208075955510139465e-01	-3.491024300456047058e-02
-1.546366214752197266e-01	-1.281579285860061646e-01	-6.055604666471481323e-02
-1.875104606151580811e-01	-1.335954070091247559e-01	-7.468754798173904419e-02
-2.155865281820297241e-01	-1.275211572647094727e-01	-7.361692190170288086e-02
-2.081393897533416748e-01	-1.535517871379852295e-01	-8.777283132076263428e-02
-1.818416267633438110e-01	-1.841905564069747925e-01	-1.189567744731903076e-01
-1.524640768766403198e-01	-1.834553927183151245e-01	-1.268637627363204956e-01
-1.295739263296127319e-01	-1.422110497951507568e-01	-1.034907549619674683e-01
-1.165106520056724548e-01	-1.156954616308212280e-01	-9.332432597875595093e-02
-1.034905388951301575e-01	-3.235634416341781616e-02	-9.932612068951129913e-03
-1.014984026551246643e-01	5.060335155576467514e-03	5.649216845631599426e-02
-7.833080738782882690e-02	1.019320823252201080e-02	6.663727760314941406e-02
-7.033634930849075317e-02	7.116302847862243652e-03	8.504327386617660522e-02
-9.064912050962448120e-02	-1.279667485505342484e-02	9.857985377311706543e-02
-1.402440816164016724e-01	-4.289453104138374329e-02	1.268400996923446655e-01
-1.888713389635086060e-01	-7.717499136924743652e-02	1.231797263026237488e-01
-2.457406073808670044e-01	-8.754724264144897461e-02	1.114653199911117554e-01
-3.438993692398071289e-01	-7.098571956157684326e-02	1.126631721854209900e-01
-4.345890879631042480e-01	-5.753664299845695496e-02	1.071463376283645630e-01
-4.573458433151245117e-01	-7.304628193378448486e-02	9.016913920640945435e-02
-4.630994796752929688e-01	-6.336558610200881958e-02	5.200026184320449829e-02
-4.061798155307769775e-01	-4.381968826055526733e-02	3.733032941818237305e-02
-3.680403828620910645e-01	-3.071505762636661530e-02	-4.637719132006168365e-03
-3.186208605766296387e-01	-3.387005999684333801e-02	-2.335074730217456818e-02
-3.081914782524108887e-01	-3.118482790887355804e-02	1.674420386552810669e-02
-2.877918779850006104e-01	-7.220493280328810215e-04	9.516415745019912720e-02
-2.521159648895263672e-01	3.156811930239200592e-03	1.458013802766799927e-01
-2.172575443983078003e-01	1.005533896386623383e-02	1.711083948612213135e-01
-1.732095032930374146e-01	-6.813392043113708496e-03	1.897966116666793823e-01
-1.532805860042572021e-01	-3.591210022568702698e-02	2.259187996387481689e-01
-1.438036710023880005e-01	-7.331405580043792725e-02	2.469313293695449829e-01
-1.443236768245697021e-01	-1.013080924749374390e-01	2.235968858003616333e-01
-1.546017974615097046e-01	-1.578258574008941650e-01	1.973341256380081177e-01
-1.486663967370986938e-01	-2.343137413263320923e-01	1.794286221265792847e-01
-1.296017318964004517e-01	-2.633549273014068604e-01	1.843826919794082642e-01
-1.352912634611129761e-01	-2.772122025489807129e-01	2.094579786062240601e-01
-1.495942473411560059e-01	-2.679281830787658691e-01	2.691013216972351074e-01
-1.361306458711624146e-01	-2.997617721557617188e-01	3.307949602603912354e-01
-1.107743903994560242e-01	-3.403375148773193359e-01	3.979852795600891113e-01
-5.259350314736366272e-02	-3.521381020545959473e-01	4.339061081409454346e-01
-2.054370008409023285e-03	-3.540698289871215820e-01	4.642604887485504150e-01
7.086625695228576660e-02	-3.237022161483764648e-01	4.813031554222106934e-01
9.476191550493240356e-02	-3.312557041645050049e-01	4.781205058097839355e-01
8.936804533004760742e-02	-3.519556522369384766e-01	4.867510497570037842e-01
8.333501219749450684e-02	-3.906460702419281006e-01	5.057686567306518555e-01
8.439549803733825684e-02	-4.213106334209442139e-01	5.380967259407043457e-01
1.005880907177925110e-01	-4.157591760158538818e-01	5.583082437515258789e-01
1.266880929470062256e-01	-4.159392714500427246e-01	5.879034399986267090e-01
1.282296031713485718e-01	-4.090761542320251465e-01	6.018722057342529297e-01
1.238698512315750122e-01	-4.289960861206054688e-01	6.478926539421081543e-01
1.313486099243164062e-01	-4.653605818748474121e-01	6.706638336181640625e-01
1.458457261323928833e-01	-5.064346790313720703e-01	6.549784541130065918e-01
1.649582535028457642e-01	-5.335480570793151855e-01	6.302336454391479492e-01
1.503651440143585205e-01	-5.013971328735351562e-01	6.188679337501525879e-01
1.199705004692077637e-01	-4.312120676040649414e-01	6.185241937637329102e-01
6.542927026748657227e-02	-3.292891979217529297e-01	6.137053966522216797e-01
4.196925833821296692e-02	-3.086110949516296387e-01	5.730598568916320801e-01
5.978691950440406799e-02	-2.976603507995605469e-01	5.270645022392272949e-01
9.906370937824249268e-02	-3.283261358737945557e-01	5.158379673957824707e-01
1.149123162031173706e-01	-3.536575138568878174e-01	5.199443101882934570e-01
1.125812456011772156e-01	-3.901320397853851318e-01	5.196800827980041504e-01
8.473628014326095581e-02	-3.792652189731597900e-01	5.170822739601135254e-01
6.552854180335998535e-02	-3.423351943492889404e-01	5.210278630256652832e-01
5.739799514412879944e-02	-3.355106115341186523e-01	5.169979929924011230e-01
5.469244346022605896e-02	-3.652385771274566650e-01	5.283650755882263184e-01
3.649087622761726379e-02	-4.468955695629119873e-01	5.221778750419616699e-01
3.147942945361137390e-03	-4.827394783496856689e-01	5.306998491287231445e-01
-4.208337888121604919e-02	-4.885981082916259766e-01	5.431609749794006348e-01
-7.416326552629470825e-02	-4.220095872879028320e-01	5.277580022811889648e-01
-6.664095818996429443e-02	-3.769455850124359131e-01	5.173966884613037109e-01
-1.612483523786067963e-02	-3.488656282424926758e-01	4.967237114906311035e-01
3.182842954993247986e-02	-3.297335803508758545e-01	5.034449696540832520e-01
6.767621636390686035e-02	-3.198135197162628174e-01	5.260350704193115234e-01
8.919139951467514038e-02	-2.883976101875305176e-01	5.178904533386230469e-01
1.106042042374610901e-01	-2.592540979385375977e-01	5.141966342926025391e-01
9.876257181167602539e-02	-2.498170435428619385e-01	5.114444494247436523e-01
7.427687197923660278e-02	-2.286578565835952759e-01	5.383123755455017090e-01
5.676650628447532654e-02	-2.205684930086135864e-01	5.366511344909667969e-01
5.348209291696548462e-02	-2.618905901908874512e-01	5.417844057083129883e-01
5.612042918801307678e-02	-3.011168539524078369e-01	5.455957055091857910e-01
3.147295489907264709e-02	-3.252578377723693848e-01	5.690950155258178711e-01
2.082869596779346466e-02	-3.126735687255859375e-01	5.937641263008117676e-01
3.191791847348213196e-02	-2.990177869796752930e-01	6.082261800765991211e-01
9.667267650365829468e-02	-2.973668277263641357e-01	6.534558534622192383e-01
1.557765156030654907e-01	-2.882732748985290527e-01	6.682655811309814453e-01
1.984429508447647095e-01	-2.840745449066162109e-01	6.776405572891235352e-01
2.362485975027084351e-01	-2.963966727256774902e-01	6.852394938468933105e-01
2.592032551765441895e-01	-3.037441670894622803e-01	7.325056195259094238e-01
2.771709561347961426e-01	-2.893747389316558838e-01	7.749142050743103027e-01
2.459258437156677246e-01	-2.227282673120498657e-01	8.327599167823791504e-01
1.836424767971038818e-01	-1.360612660646438599e-01	8.460716605186462402e-01
1.696518808603286743e-01	-9.501382708549499512e-02	8.537462353706359863e-01
2.037704437971115112e-01	-7.518261671066284180e-02	8.464487791061401367e-01
2.289978414773941040e-01	-7.115408778190612793e-02	8.470204472541809082e-01
2.250965833663940430e-01	-7.892700284719467163e-02	8.124603033065795898e-01
2.044172585010528564e-01	-1.088691875338554382e-01	7.516052126884460449e-01
2.274933308362960815e-01	-1.657460480928421021e-01	7.140625715255737305e-01
2.403820306062698364e-01	-2.109987139701843262e-01	6.956787109375000000e-01
1.925536543130874634e-01	-2.488874644041061401e-01	6.653838157653808594e-01
1.302993446588516235e-01	-2.716595232486724854e-01	6.330864429473876953e-01
5.656278505921363831e-02	-2.576468884944915771e-01	6.053538322448730469e-01
3.560586133971810341e-03	-2.379156202077865601e-01	5.985067486763000488e-01
-2.153868041932582855e-02	-2.089457809925079346e-01	5.949205756187438965e-01
-2.576142549514770508e-02	-1.957281529903411865e-01	6.190124154090881348e-01
-1.394627802073955536e-02	-1.558746248483657837e-01	6.153484582901000977e-01
7.373702526092529297e-02	-3.345156461000442505e-02	6.438156962394714355e-01
2.004058808088302612e-01	7.936213910579681396e-02	6.422379612922668457e-01
3.259548246860504150e-01	1.676041483879089355e-01	6.391155719757080078e-01
4.162347316741943359e-01	2.213788479566574097e-01	6.016409397125244141e-01
4.259721040725708008e-01	2.400626391172409058e-01	5.481980443000793457e-01
4.219897687435150146e-01	2.408910095691680908e-01	4.637494981288909912e-01
4.037671387195587158e-01	2.358577102422714233e-01	4.078188240528106689e-01
4.018412828445434570e-01	2.510730624198913574e-01	3.801634013652801514e-01
3.946169614791870117e-01	2.623893022537231445e-01	3.693082630634307861e-01
3.947719931602478027e-01	3.008888065814971924e-01	3.384830951690673828e-01
4.252621829509735107e-01	2.417541593313217163e-01	3.025885224342346191e-01
4.507743120193481445e-01	2.056413590908050537e-01	2.744247019290924072e-01
4.825541079044342041e-01	1.548671573400497437e-01	2.654978930950164795e-01
5.154580473899841309e-01	1.293388307094573975e-01	2.682936489582061768e-01
5.138287544250488281e-01	1.066285893321037292e-01	2.677181363105773926e-01
4.968121051788330078e-01	9.329313039779663086e-02	2.683101892471313477e-01
4.817406535148620605e-01	7.573003321886062622e-02	2.720777392387390137e-01
4.625200629234313965e-01	9.837353974580764771e-02	2.782070040702819824e-01
4.422506392002105713e-01	1.699098497629165649e-01	3.092100620269775391e-01
4.293435215950012207e-01	1.988794952630996704e-01	2.877431809902191162e-01
4.426076412200927734e-01	2.526375353336334229e-01	2.989450991153717041e-01
4.559063911437988281e-01	2.780721485614776611e-01	2.854041755199432373e-01
4.772132933139801025e-01	3.155637085437774658e-01	2.928630709648132324e-01
4.998849928379058838e-01	3.134610950946807861e-01	2.689867019653320312e-01
4.798952341079711914e-01	3.065321147441864014e-01	2.339486628770828247e-01
4.259898662567138672e-01	3.235537409782409668e-01	2.198661118745803833e-01
4.058986902236938477e-01	2.738757431507110596e-01	2.120673209428787231e-01
3.539958000183105469e-01	1.630426049232482910e-01	2.182018309831619263e-01
3.156961500644683838e-01	8.459375798702239990e-02	2.496349513530731201e-01
2.731439471244812012e-01	5.611086264252662659e-02	2.509264051914215088e-01
2.416111081838607788e-01	5.707659199833869934e-02	2.550811171531677246e-01
2.284766286611557007e-01	4.492268338799476624e-02	2.281503528356552124e-01
2.285293042659759521e-01	8.103222586214542389e-03	1.784019470214843750e-01
2.311746329069137573e-01	7.470858399756252766e-04	1.370264291763305664e-01
2.329666912555694580e-01	-2.164872549474239349e-02	7.449218630790710449e-02
1.982806175947189331e-01	1.016283128410577774e-02	1.067676246166229248e-01
1.612541377544403076e-01	4.315229877829551697e-02	1.378495991230010986e-01
1.332144737243652344e-01	6.950902938842773438e-02	1.270266771316528320e-01
1.202826797962188721e-01	8.570832759141921997e-02	6.202647462487220764e-02
1.513984650373458862e-01	9.704759716987609863e-02	-1.354312407784163952e-03
1.860032081604003906e-01	1.377820819616317749e-01	-5.420511122792959213e-03
1.956810057163238525e-01	1.779677420854568481e-01	4.128534346818923950e-02
1.915794312953948975e-01	2.002763897180557251e-01	1.357692033052444458e-01
1.992867588996887207e-01	2.272995412349700928e-01	1.957848519086837769e-01
2.211099863052368164e-01	2.361040562391281128e-01	2.169828414916992188e-01
2.565961480140686035e-01	2.770076990127563477e-01	2.390802055597305298e-01
2.881811261177062988e-01	2.916907966136932373e-01	2.419562935829162598e-01
2.976043224334716797e-01	2.974459230899810791e-01	2.464766502380371094e-01
2.999759912490844727e-01	2.881922721862792969e-01	2.274801284074783325e-01
2.787105739116668701e-01	2.776517570018768311e-01	2.229217141866683960e-01
2.681027650833129883e-01	2.702899277210235596e-01	2.295891791582107544e-01
2.674438357353210449e-01	2.724934220314025879e-01	2.432463318109512329e-01
2.480752319097518921e-01	2.410288006067276001e-01	2.564303278923034668e-01
2.296037375926971436e-01	2.161738276481628418e-01	2.608132362365722656e-01
2.215218991041183472e-01	1.673976927995681763e-01	2.421078830957412720e-01
2.301991283893585205e-01	1.633859872817993164e-01	2.065811157226562500e-01
2.634506523609161377e-01	1.605127900838851929e-01	1.609490364789962769e-01
2.849697470664978027e-01	1.603552997112274170e-01	1.246465370059013367e-01
3.202913105487823486e-01	1.152462437748908997e-01	6.314384937286376953e-02
3.247464895248413086e-01	6.919088214635848999e-02	2.158259041607379913e-02
3.390504419803619385e-01	4.825462028384208679e-02	1.297723874449729919e-02
3.343859016895294189e-01	5.255454406142234802e-02	4.643670469522476196e-02
2.897496223449707031e-01	9.610417485237121582e-02	1.188196912407875061e-01
2.654309868812561035e-01	1.294148862361907959e-01	2.001852691173553467e-01
2.499972134828567505e-01	1.701876521110534668e-01	2.391314655542373657e-01
2.809752821922302246e-01	1.964329928159713745e-01	2.699599564075469971e-01
2.918702661991119385e-01	2.205738276243209839e-01	2.863104939460754395e-01
3.026977479457855225e-01	2.373463660478591919e-01	2.711635529994964600e-01
3.068404495716094971e-01	2.452839612960815430e-01	2.628239393234252930e-01
3.119523227214813232e-01	2.382580786943435669e-01	2.313927710056304932e-01
3.570660352706909180e-01	1.714484840631484985e-01	2.634639441967010498e-01
3.746936619281768799e-01	1.246781945228576660e-01	2.821741402149200439e-01
3.717863261699676514e-01	1.112067177891731262e-01	3.197597265243530273e-01
3.331510126590728760e-01	1.201627552509307861e-01	3.223360180854797363e-01
2.968016564846038818e-01	1.402168571949005127e-01	3.128619492053985596e-01
3.065166175365447998e-01	1.900433450937271118e-01	3.023495674133300781e-01
3.530525267124176025e-01	2.236999720335006714e-01	2.847154438495635986e-01
3.946107625961303711e-01	2.042008340358734131e-01	2.681798934936523438e-01
4.348359405994415283e-01	1.439075469970703125e-01	2.595363557338714600e-01
4.514509737491607666e-01	9.340450167655944824e-02	2.420378476381301880e-01
4.702933132648468018e-01	3.732213750481605530e-02	2.317817211151123047e-01
4.683389961719512939e-01	4.149403888732194901e-03	2.482101321220397949e-01
4.490036070346832275e-01	-3.550742566585540771e-02	2.805840075016021729e-01
4.155139327049255371e-01	-3.734083473682403564e-02	3.077454566955566406e-01
3.851935565471649170e-01	-3.452482447028160095e-02	3.065029680728912354e-01
3.830698430538177490e-01	2.041755989193916321e-02	2.463866770267486572e-01
3.703981339931488037e-01	4.942465946078300476e-02	1.519418358802795410e-01
3.539706170558929443e-01	7.731602340936660767e-02	4.131718724966049194e-02
3.148508965969085693e-01	1.013361364603042603e-01	-2.324433997273445129e-02
3.171217739582061768e-01	1.363901644945144653e-01	-6.850415468215942383e-02
3.335974812507629395e-01	1.603514254093170166e-01	-1.232613697648048401e-01
3.566533029079437256e-01	1.697223484516143799e-01	-1.769166290760040283e-01
3.448834121227264404e-01	1.630616486072540283e-01	-2.052827179431915283e-01
3.379723429679870605e-01	1.675527691841125488e-01	-2.317772060632705688e-01
3.533734083175659180e-01	1.695496290922164917e-01	-2.460129410028457642e-01
4.332210123538970947e-01	1.972647607326507568e-01	-2.624010741710662842e-01
5.002213716506958008e-01	2.244426906108856201e-01	-2.779738903045654297e-01
4.824407696723937988e-01	2.325732409954071045e-01	-2.968629002571105957e-01
4.226239919662475586e-01	2.241681367158889771e-01	-3.165675103664398193e-01
3.566681742668151855e-01	2.321594953536987305e-01	-3.065314888954162598e-01
2.711652517318725586e-01	2.531433999538421631e-01	-3.047575950622558594e-01
2.740260362625122070e-01	3.123316764831542969e-01	-2.563757598400115967e-01
3.171782195568084717e-01	3.609581589698791504e-01	-2.184522002935409546e-01
3.571575284004211426e-01	3.347223401069641113e-01	-1.895075738430023193e-01
3.724668622016906738e-01	3.132466375827789307e-01	-1.753863841295242310e-01
3.890788555145263672e-01	3.184346258640289307e-01	-1.769890785217285156e-01
3.926774561405181885e-01	2.975164949893951416e-01	-1.771800816059112549e-01
3.688791990280151367e-01	2.320107519626617432e-01	-1.960473060607910156e-01
3.047886788845062256e-01	1.911046504974365234e-01	-2.314568758010864258e-01
2.491604983806610107e-01	1.485537737607955933e-01	-2.726069688796997070e-01
1.921503096818923950e-01	1.290293782949447632e-01	-3.229154646396636963e-01
1.400982737541198730e-01	1.305004060268402100e-01	-3.508791923522949219e-01
8.777210116386413574e-02	1.354013681411743164e-01	-3.424814939498901367e-01
6.215823441743850708e-02	1.180813387036323547e-01	-2.685443460941314697e-01
5.669330060482025146e-02	6.817594170570373535e-02	-1.895791143178939819e-01
5.317752808332443237e-02	-1.824459247291088104e-02	-7.924687117338180542e-02
-2.577667357400059700e-03	-6.042206287384033203e-02	3.185169305652379990e-03
-8.390501141548156738e-02	-3.565666079521179199e-02	7.394247502088546753e-02
-1.390399634838104248e-01	-1.869610510766506195e-02	1.088691875338554382e-01
-1.571614146232604980e-01	5.945554003119468689e-03	1.314008682966232300e-01
-1.478497534990310669e-01	3.307567164301872253e-02	1.506685465574264526e-01
-1.285972595214843750e-01	7.723516225814819336e-02	1.542361229658126831e-01
-1.082835197448730469e-01	9.014582633972167969e-02	1.607469618320465088e-01
-1.206384748220443726e-01	4.847060143947601318e-02	1.511794179677963257e-01
-9.180501848459243774e-02	-3.399760276079177856e-02	1.675583720207214355e-01
-9.447298198938369751e-02	-6.658481806516647339e-02	1.975803822278976440e-01
-4.661117121577262878e-02	-7.490018755197525024e-02	2.510260045528411865e-01
-6.614695489406585693e-02	-5.620232224464416504e-02	2.824796736240386963e-01
-8.394599705934524536e-02	-4.490641877055168152e-02	2.773891389369964600e-01
-1.407646685838699341e-01	-4.516709595918655396e-02	2.311147153377532959e-01
-1.732012629508972168e-01	-2.286490984261035919e-02	1.741631627082824707e-01
-1.589943170547485352e-01	-4.244999215006828308e-02	8.983401209115982056e-02
-1.775058060884475708e-01	-3.980358014814555645e-04	3.325811028480529785e-02
-1.812075227499008179e-01	-2.962530963122844696e-02	-3.285480663180351257e-02
-2.300806939601898193e-01	-2.817505411803722382e-02	-9.284249693155288696e-02
-2.489905655384063721e-01	-2.712761424481868744e-02	-1.028596684336662292e-01
-2.083572447299957275e-01	-3.676515817642211914e-02	-1.056085526943206787e-01
-1.680632829666137695e-01	-6.617869436740875244e-02	-7.409381866455078125e-02
-1.314662098884582520e-01	-6.421670317649841309e-02	-4.662643000483512878e-02
-1.148670688271522522e-01	-7.168509066104888916e-02	4.328033886849880219e-03
-7.042588293552398682e-02	-2.307118102908134460e-02	8.874234743416309357e-03
-3.724565729498863220e-02	-3.230717964470386505e-03	2.059543970972299576e-03
-1.711426116526126862e-02	3.806325607001781464e-03	-5.422839894890785217e-03
-5.810910370200872421e-03	6.038260180503129959e-03	-1.078187581151723862e-02
3.191689029335975647e-02	3.720193356275558472e-02	2.945264568552374840e-03
2.428496070206165314e-02	1.749681867659091949e-02	-1.188789959996938705e-02
1.728239096701145172e-02	9.941674768924713135e-03	-1.609007269144058228e-02
1.239732652902603149e-02	7.163555361330509186e-03	-1.713063567876815796e-02
-9.885619394481182098e-03	3.852676600217819214e-02	-1.218848302960395813e-01
-1.384967658668756485e-02	5.480425804853439331e-02	-2.140191793441772461e-01
3.058696165680885315e-02	7.488995790481567383e-02	-3.066681027412414551e-01
9.943027794361114502e-02	7.704715430736541748e-02	-3.934740722179412842e-01
1.651734411716461182e-01	9.210697561502456665e-02	-4.648694396018981934e-01
2.192910462617874146e-01	6.141559779644012451e-02	-5.321588516235351562e-01
2.649117112159729004e-01	1.941884867846965790e-02	-5.647361874580383301e-01
2.722749114036560059e-01	-3.223996981978416443e-02	-5.692895054817199707e-01
2.233954519033432007e-01	-5.059561505913734436e-02	-5.215958952903747559e-01
1.633542776107788086e-01	-4.364216700196266174e-02	-4.716620445251464844e-01
1.143770366907119751e-01	-2.625385485589504242e-02	-4.421953260898590088e-01
1.304022967815399170e-01	2.781054563820362091e-02	-4.307750761508941650e-01
1.776540577411651611e-01	6.350996345281600952e-02	-4.359036684036254883e-01
2.268988788127899170e-01	7.311015576124191284e-02	-4.431398808956146240e-01
2.607012391090393066e-01	9.521092474460601807e-02	-4.697273075580596924e-01
2.889076769351959229e-01	1.080428436398506165e-01	-4.849978387355804443e-01
2.867648899555206299e-01	1.327627599239349365e-01	-5.018447637557983398e-01
2.734790444374084473e-01	1.835273653268814087e-01	-5.178853869438171387e-01
2.459586262702941895e-01	2.239614129066467285e-01	-5.449014902114868164e-01
2.144961506128311157e-01	2.371551543474197388e-01	-5.756941437721252441e-01
1.745160669088363647e-01	2.441994994878768921e-01	-5.894935131072998047e-01
9.221062064170837402e-02	2.330661863088607788e-01	-5.693073272705078125e-01
3.081044182181358337e-02	2.308667004108428955e-01	-4.766251742839813232e-01
-4.630483314394950867e-02	2.302550822496414185e-01	-4.209492206573486328e-01
-7.742929458618164062e-02	2.500692903995513916e-01	-3.717893958091735840e-01
-1.022879779338836670e-01	2.544418275356292725e-01	-3.489956855773925781e-01
-1.301482617855072021e-01	2.608075141906738281e-01	-3.426334559917449951e-01
-1.177713871002197266e-01	2.531958520412445068e-01	-3.974941074848175049e-01
-8.426158130168914795e-02	2.554183602333068848e-01	-4.290358722209930420e-01
-5.052481219172477722e-02	2.595107853412628174e-01	-4.205979704856872559e-01
-5.207297205924987793e-02	2.722500562667846680e-01	-4.012469649314880371e-01
-5.726945772767066956e-02	2.756071388721466064e-01	-3.856178522109985352e-01
-4.269401356577873230e-02	2.449438124895095825e-01	-4.078957438468933105e-01
-2.729760482907295227e-02	2.155908048152923584e-01	-4.253623485565185547e-01
-6.264538317918777466e-02	1.993101835250854492e-01	-4.690273404121398926e-01
-7.285837084054946899e-02	1.639521867036819458e-01	-5.204231142997741699e-01
-6.682043522596359253e-02	1.410901695489883423e-01	-5.428315401077270508e-01
-5.197521671652793884e-02	1.333333998918533325e-01	-5.230772495269775391e-01
-7.936845719814300537e-02	1.419386267662048340e-01	-4.819148480892181396e-01
-8.482824265956878662e-02	1.414196938276290894e-01	-4.411388635635375977e-01
-6.313301622867584229e-02	1.497037559747695923e-01	-4.140239953994750977e-01
-5.896880757063627243e-03	1.712132692337036133e-01	-3.944312930107116699e-01
3.446681797504425049e-02	1.635735034942626953e-01	-3.809614777565002441e-01
7.393559813499450684e-02	1.344951093196868896e-01	-3.818387389183044434e-01
8.265772461891174316e-02	8.841195702552795410e-02	-3.574017286300659180e-01
7.536455988883972168e-02	5.100824311375617981e-02	-3.510814607143402100e-01
1.419416666030883789e-01	1.220372226089239120e-02	-3.730258345603942871e-01
1.989888548851013184e-01	1.529715768992900848e-02	-3.990356922149658203e-01
1.985918432474136353e-01	2.963067777454853058e-02	-4.072623550891876221e-01
1.750175654888153076e-01	4.696384072303771973e-02	-4.278611838817596436e-01
1.402329802513122559e-01	3.911030292510986328e-02	-4.382474422454833984e-01
1.576298326253890991e-01	-7.811664137989282608e-03	-4.768139719963073730e-01
1.574814766645431519e-01	-4.706569761037826538e-02	-4.858499169349670410e-01
1.292097717523574829e-01	-5.743811652064323425e-02	-4.478565454483032227e-01
8.183616399765014648e-02	-8.261555433273315430e-02	-3.780323266983032227e-01
-2.352812886238098145e-02	-8.492991328239440918e-02	-2.611495256423950195e-01
-1.047272309660911560e-01	-8.346182852983474731e-02	-1.626982986927032471e-01
-1.096143648028373718e-01	-8.171861618757247925e-02	-9.882029891014099121e-02
-7.527606189250946045e-02	-7.647113502025604248e-02	-1.134851276874542236e-01
-3.398716822266578674e-02	-6.237193197011947632e-02	-1.418830901384353638e-01
-3.572207642719149590e-03	-4.937212914228439331e-02	-1.935918033123016357e-01
2.880541374906897545e-03	-5.379219353199005127e-02	-2.388995140790939331e-01
-7.921904325485229492e-03	-7.696975022554397583e-02	-2.860246300697326660e-01
-2.741005830466747284e-02	-9.079034626483917236e-02	-3.293987810611724854e-01
-4.488139972090721130e-02	-1.245942786335945129e-01	-3.560850322246551514e-01
-7.899465411901473999e-02	-1.583982557058334351e-01	-3.743761777877807617e-01
-1.521659642457962036e-01	-1.856850683689117432e-01	-3.498680591583251953e-01
-2.072618901729583740e-01	-1.879045963287353516e-01	-3.090328276157379150e-01
-2.177776247262954712e-01	-1.672186404466629028e-01	-2.489454597234725952e-01
-2.206180542707443237e-01	-1.788360625505447388e-01	-2.327823340892791748e-01
-1.814215928316116333e-01	-1.653721183538436890e-01	-2.323898375034332275e-01
-1.553869247436523438e-01	-1.620383709669113159e-01	-2.235486060380935669e-01
-1.214775517582893372e-01	-1.199896261096000671e-01	-2.183766216039657593e-01
-1.112432256340980530e-01	-8.413062989711761475e-02	-1.827936470508575439e-01
-9.814150631427764893e-02	-3.720628842711448669e-02	-1.418811976909637451e-01
-9.075410664081573486e-02	-7.438534521497786045e-04	-6.398613750934600830e-02
-7.624898105859756470e-02	6.237031891942024231e-03	-6.775515619665384293e-03
-9.346212446689605713e-02	2.065094374120235443e-02	3.151886910200119019e-02
-9.121634811162948608e-02	2.332405373454093933e-02	4.402825608849525452e-02
-9.150281548500061035e-02	4.529869183897972107e-02	7.431175559759140015e-02
-9.069226682186126709e-02	9.781739674508571625e-03	1.202878803014755249e-01
-8.264879882335662842e-02	-2.102442644536495209e-02	1.671472936868667603e-01
-7.736723124980926514e-02	-7.844950258731842041e-02	1.818475425243377686e-01
-7.254876196384429932e-02	-1.108980551362037659e-01	2.081140130758285522e-01
-9.659878164529800415e-02	-1.004926562309265137e-01	2.421284168958663940e-01
-1.351415216922760010e-01	-6.657640635967254639e-02	2.245995551347732544e-01
-1.623232364654541016e-01	-3.718059882521629333e-02	1.955562233924865723e-01
-1.418643891811370850e-01	-2.820785157382488251e-02	1.592248082160949707e-01
-1.447836756706237793e-01	-2.926580980420112610e-02	1.087344512343406677e-01
-1.371208578348159790e-01	-4.718908295035362244e-02	4.494800791144371033e-02
-1.462504416704177856e-01	-8.226364850997924805e-02	9.141786023974418640e-03
-1.605587452650070190e-01	-1.197585090994834900e-01	1.807446219027042389e-02
-1.919847279787063599e-01	-1.718038916587829590e-01	4.608683660626411438e-02
-2.129278779029846191e-01	-2.101896107196807861e-01	7.541792094707489014e-02
-2.215887010097503662e-01	-2.787105441093444824e-01	1.031646728515625000e-01
-2.100744098424911499e-01	-3.240301609039306641e-01	1.223491877317428589e-01
-1.910264045000076294e-01	-2.398672401905059814e-01	1.152628883719444275e-01
-1.711459904909133911e-01	-1.924817264080047607e-01	8.797470480203628540e-02
-1.757884472608566284e-01	-1.979742646217346191e-01	8.189244568347930908e-02
-1.931877434253692627e-01	-1.853698045015335083e-01	9.363321959972381592e-02
-2.085430920124053955e-01	-1.392768621444702148e-01	9.050659835338592529e-02
-1.847610473632812500e-01	-1.135236248373985291e-01	8.947768062353134155e-02
-1.399116367101669312e-01	-1.091425269842147827e-01	7.310354709625244141e-02
-9.412042051553726196e-02	-9.749808907508850098e-02	8.900161832571029663e-02
-6.533572077751159668e-02	-3.783158585429191589e-02	6.725861877202987671e-02
-3.792114555835723877e-02	-1.276355329900979996e-02	4.224054887890815735e-02
-1.955751515924930573e-02	-2.248359844088554382e-03	2.188424579799175262e-02
-8.386843837797641754e-03	2.223352668806910515e-03	7.570062763988971710e-03
-1.928207348100841045e-03	4.188817460089921951e-03	-1.850068918429315090e-03
1.702598994597792625e-03	5.104377400130033493e-03	-7.849663496017456055e-03
3.715334692969918251e-03	5.567608866840600967e-03	-1.161134429275989532e-02
-1.231589764356613159e-01	-1.215845625847578049e-02	8.586134761571884155e-02
-1.690080463886260986e-01	-1.822415925562381744e-02	1.410343348979949951e-01
-1.746695786714553833e-01	-3.717401251196861267e-02	2.015864104032516479e-01
-1.887488067150115967e-01	-4.883179068565368652e-02	2.443388700485229492e-01
-2.248496711254119873e-01	-4.543871060013771057e-02	2.635448276996612549e-01
-2.289608716964721680e-01	-3.925167769193649292e-02	2.687512636184692383e-01
-1.983637958765029907e-01	-4.418775439262390137e-03	2.660219073295593262e-01
-1.931190788745880127e-01	2.843781001865863800e-02	2.014147490262985229e-01
-2.057756632566452026e-01	5.113276839256286621e-02	1.028202474117279053e-01
-2.539557218551635742e-01	4.007196798920631409e-02	-5.094648338854312897e-03
-2.914726138114929199e-01	3.918261453509330750e-02	-7.991839200258255005e-02
-3.523429930210113525e-01	3.815899789333343506e-02	-1.342438906431198120e-01
-3.932009935379028320e-01	6.213234271854162216e-03	-1.554362773895263672e-01
-4.050591886043548584e-01	-4.749546945095062256e-02	-1.338407695293426514e-01
-3.958545923233032227e-01	-9.407448768615722656e-02	-1.071553155779838562e-01
-3.952246010303497314e-01	-9.664373844861984253e-02	-6.373188644647598267e-02
-3.902858197689056396e-01	-6.979297101497650146e-02	-3.213268145918846130e-02
-3.338335454463958740e-01	-4.313457012176513672e-02	-1.729791238903999329e-02
-2.876308560371398926e-01	-2.171631902456283569e-03	-3.756078891456127167e-03
-2.271926254034042358e-01	3.478272818028926849e-03	4.286798648536205292e-03
-1.966429352760314941e-01	9.516423568129539490e-03	-6.134059745818376541e-03
-1.570186316967010498e-01	-1.176941394805908203e-02	-3.708196431398391724e-02
-1.781596988439559937e-01	-3.647348284721374512e-02	-7.699292153120040894e-02
-2.005719244480133057e-01	-4.060079529881477356e-02	-8.521790057420730591e-02
-1.388083398342132568e-01	-4.954689741134643555e-02	-8.260887861251831055e-02
-2.964835986495018005e-02	-4.136075824499130249e-02	-7.355704903602600098e-02
4.366716369986534119e-02	-6.389506906270980835e-02	-7.417926192283630371e-02
8.080748468637466431e-02	-1.359985582530498505e-02	-9.956249594688415527e-02
1.021461263298988342e-01	4.226858541369438171e-02	-1.668706536293029785e-01
1.303134262561798096e-01	-8.495926856994628906e-03	-2.499545067548751831e-01
1.341893821954727173e-01	-6.499307602643966675e-02	-2.706224620342254639e-01
1.226755157113075256e-01	-1.361015588045120239e-01	-2.454624772071838379e-01
1.321616321802139282e-01	-1.566101610660552979e-01	-2.184620201587677002e-01
1.640746891498565674e-01	-1.681181788444519043e-01	-2.080277055501937866e-01
2.214483469724655151e-01	-1.791657805442810059e-01	-2.297798693180084229e-01
2.316846698522567749e-01	-1.755060255527496338e-01	-2.387405186891555786e-01
2.212708890438079834e-01	-1.705141216516494751e-01	-2.038404047489166260e-01
2.201546281576156616e-01	-1.674948036670684814e-01	-1.615488231182098389e-01
2.667720317840576172e-01	-1.733101904392242432e-01	-6.519514322280883789e-02
2.874015271663665771e-01	-1.834791451692581177e-01	2.526228874921798706e-02
2.731918096542358398e-01	-1.777246892452239990e-01	1.043297275900840759e-01
2.281085699796676636e-01	-1.826911717653274536e-01	1.592021882534027100e-01
2.062227278947830200e-01	-1.706432998180389404e-01	1.980694979429244995e-01
1.723232269287109375e-01	-1.479600071907043457e-01	2.225947678089141846e-01
1.583929955959320068e-01	-1.093121618032455444e-01	2.309586256742477417e-01
2.125550657510757446e-01	-9.610740095376968384e-02	2.070244550704956055e-01
2.468593716621398926e-01	-9.599647670984268188e-02	1.967804729938507080e-01
2.204602360725402832e-01	-1.319441497325897217e-01	2.086798846721649170e-01
2.139435857534408569e-01	-1.466775238513946533e-01	2.391274869441986084e-01
2.361114919185638428e-01	-1.319396495819091797e-01	2.695071697235107422e-01
2.430392652750015259e-01	-1.385647803544998169e-01	3.276916742324829102e-01
2.241328954696655273e-01	-1.296571493148803711e-01	3.642010390758514404e-01
1.532476991415023804e-01	-1.674363464117050171e-01	4.036885201930999756e-01
1.050124391913414001e-01	-1.823201030492782593e-01	4.177867174148559570e-01
7.706612348556518555e-02	-1.942343115806579590e-01	4.019520282745361328e-01
8.241528272628784180e-02	-2.037990689277648926e-01	3.657442927360534668e-01
7.469685375690460205e-02	-2.214519530534744263e-01	3.641119599342346191e-01
4.837216809391975403e-02	-2.142669260501861572e-01	4.057307243347167969e-01
2.223685011267662048e-02	-2.534714639186859131e-01	4.847648441791534424e-01
-8.600601926445960999e-03	-2.570204734802246094e-01	5.354197621345520020e-01
-1.742058619856834412e-02	-2.165029644966125488e-01	5.209605693817138672e-01
-2.368607930839061737e-02	-1.618572175502777100e-01	4.833991825580596924e-01
-6.678577978163957596e-03	-1.406908333301544189e-01	4.342106580734252930e-01
1.741144247353076935e-02	-1.651471704244613647e-01	4.097900688648223877e-01
2.903484553098678589e-02	-2.092023044824600220e-01	4.108806848526000977e-01
-8.964587002992630005e-03	-2.154572904109954834e-01	4.376446008682250977e-01
-2.057548798620700836e-02	-2.011377513408660889e-01	4.560525417327880859e-01
3.813127055764198303e-02	-1.850579679012298584e-01	4.394916296005249023e-01
1.166492775082588196e-01	-1.670881211757659912e-01	4.051445424556732178e-01
1.847319006919860840e-01	-1.636801362037658691e-01	3.812892138957977295e-01
1.963672637939453125e-01	-1.604669541120529175e-01	3.954969942569732666e-01
1.834975779056549072e-01	-1.593661755323410034e-01	4.412596523761749268e-01
1.861273050308227539e-01	-1.398452371358871460e-01	4.889277815818786621e-01
2.037270814180374146e-01	-1.162476018071174622e-01	5.204501152038574219e-01
2.151870131492614746e-01	-8.847581595182418823e-02	5.399523973464965820e-01
2.077707052230834961e-01	-5.863711237907409668e-02	5.202314257621765137e-01
1.782419681549072266e-01	-3.946258872747421265e-02	5.116068124771118164e-01
1.043075323104858398e-01	-8.825264871120452881e-03	5.044945478439331055e-01
1.660236530005931854e-02	3.505745530128479004e-02	4.693767428398132324e-01
-3.506442531943321228e-02	6.270110607147216797e-02	4.236128032207489014e-01
-3.424244746565818787e-02	6.274405121803283691e-02	3.637091517448425293e-01
4.006587341427803040e-02	1.255094073712825775e-02	3.007909059524536133e-01
1.012791767716407776e-01	-3.138164430856704712e-02	2.837049365043640137e-01
1.554443836212158203e-01	-6.105121970176696777e-02	3.119211196899414062e-01
1.775554418563842773e-01	-7.582606375217437744e-02	3.895649611949920654e-01
1.923532485961914062e-01	-9.438095986843109131e-02	4.609136283397674561e-01
1.728027611970901489e-01	-1.321888715028762817e-01	4.869363009929656982e-01
1.470870524644851685e-01	-1.610805839300155640e-01	4.847100973129272461e-01
1.291826665401458740e-01	-1.813149750232696533e-01	5.191799998283386230e-01
8.544290065765380859e-02	-1.659896075725555420e-01	5.112161636352539062e-01
3.922741115093231201e-02	-1.276701241731643677e-01	4.835250675678253174e-01
2.571554214227944613e-04	-6.731393933296203613e-02	4.063197672367095947e-01
-4.141406621783971786e-03	-3.323667123913764954e-02	3.720442950725555420e-01
-1.762262545526027679e-02	-2.177694626152515411e-02	3.315387070178985596e-01
-3.993437811732292175e-02	-1.386332977563142776e-02	3.008179366588592529e-01
-3.446076437830924988e-02	-6.461417768150568008e-03	2.468987107276916504e-01
-6.474760826677083969e-03	1.572046987712383270e-02	2.027348428964614868e-01
-4.337721504271030426e-03	8.361481130123138428e-03	1.709913909435272217e-01
-3.248947113752365112e-02	1.054783910512924194e-02	1.880163550376892090e-01
-5.974521115422248840e-02	1.558931823819875717e-02	2.461866587400436401e-01
-4.706024751067161560e-02	5.638112872838973999e-02	3.331768512725830078e-01
-2.324955165386199951e-02	5.916475877165794373e-02	4.170195460319519043e-01
1.021242979913949966e-02	6.087265536189079285e-02	4.711937308311462402e-01
2.923689223825931549e-02	5.461081862449645996e-02	4.536025822162628174e-01
4.139241203665733337e-02	6.843938678503036499e-02	4.177717864513397217e-01
6.933362036943435669e-02	8.487626165151596069e-02	3.830354511737823486e-01
8.307836949825286865e-02	1.014456599950790405e-01	3.627311885356903076e-01
9.096384793519973755e-02	1.243144497275352478e-01	3.666452765464782715e-01
6.477587670087814331e-02	1.848166286945343018e-01	3.590440452098846436e-01
4.503752291202545166e-02	2.442660778760910034e-01	3.217722177505493164e-01
4.831375181674957275e-02	2.705861032009124756e-01	2.810273170471191406e-01
8.111818134784698486e-02	2.943214178085327148e-01	2.303455621004104614e-01
4.937183484435081482e-02	3.033533096313476562e-01	2.292967140674591064e-01
3.613563952967524529e-03	2.845149934291839600e-01	2.482800334692001343e-01
-2.746999077498912811e-02	2.978303432464599609e-01	2.349089086055755615e-01
-3.285043686628341675e-02	3.175257742404937744e-01	2.234252095222473145e-01
3.426403040066361427e-03	3.329288065433502197e-01	2.030953764915466309e-01
5.427084863185882568e-02	3.412034213542938232e-01	1.750939488410949707e-01
1.584720313549041748e-01	3.053251802921295166e-01	1.453559249639511108e-01
2.164819240570068359e-01	2.595373690128326416e-01	1.332735568284988403e-01
2.283520698547363281e-01	2.330685704946517944e-01	1.509009748697280884e-01
2.038215249776840210e-01	1.787938028573989868e-01	1.385400742292404175e-01
1.805940866470336914e-01	1.515021622180938721e-01	1.438341438770294189e-01
1.766270250082015991e-01	1.122401133179664612e-01	1.823662370443344116e-01
1.619918048381805420e-01	9.217198193073272705e-02	2.199874669313430786e-01
1.558144986629486084e-01	6.821519136428833008e-02	2.356177866458892822e-01
1.408046036958694458e-01	5.621517449617385864e-02	2.329604923725128174e-01
1.305004656314849854e-01	5.243679881095886230e-02	2.141436189413070679e-01
1.115467697381973267e-01	6.780837476253509521e-02	1.902764737606048584e-01
7.251869887113571167e-02	1.752002164721488953e-02	1.072051301598548889e-01
3.981805592775344849e-02	1.464284490793943405e-03	6.075436249375343323e-02
2.110286802053451538e-02	-1.587337465025484562e-03	3.400827571749687195e-02
