6.879241554997861385e-04	8.287097327411174774e-03	-3.035139106214046478e-02
-8.900638669729232788e-03	5.933543667197227478e-02	-8.336908370256423950e-02
6.592707242816686630e-03	3.033222444355487823e-02	-7.076951861381530762e-02
8.465829305350780487e-03	1.607079990208148956e-02	-5.492950603365898132e-02
6.541874725371599197e-03	8.953413926064968109e-03	-4.144696146249771118e-02
-1.402700226753950119e-02	7.415280491113662720e-02	-1.177190840244293213e-01
-5.581418517976999283e-03	1.052542105317115784e-01	-1.919451951980590820e-01
2.403750456869602203e-02	1.333492249250411987e-01	-2.403928935527801514e-01
5.194486677646636963e-02	1.196659281849861145e-01	-3.011655509471893311e-01
3.696616366505622864e-02	1.492887884378433228e-01	-3.112050890922546387e-01
3.943522274494171143e-02	1.595892608165740967e-01	-3.301447927951812744e-01
5.725916940718889236e-03	1.883004158735275269e-01	-3.962526023387908936e-01
-1.084691472351551056e-02	2.257360070943832397e-01	-4.683403670787811279e-01
2.828306518495082855e-02	2.502530515193939209e-01	-5.211439728736877441e-01
1.145240962505340576e-01	2.512396275997161865e-01	-5.184570550918579102e-01
1.820173114538192749e-01	2.239075005054473877e-01	-4.714325070381164551e-01
2.421473115682601929e-01	1.882193833589553833e-01	-4.070054292678833008e-01
2.613450586795806885e-01	1.604371815919876099e-01	-3.328796625137329102e-01
2.415775507688522339e-01	1.239311173558235168e-01	-2.885640263557434082e-01
1.886998713016510010e-01	9.819593280553817749e-02	-2.427769601345062256e-01
1.591457128524780273e-01	1.386184394359588623e-01	-1.870418190956115723e-01
1.326025426387786865e-01	1.571879684925079346e-01	-1.543749123811721802e-01
5.919935926795005798e-02	1.689407229423522949e-01	-1.310479193925857544e-01
4.060592129826545715e-02	1.411626487970352173e-01	-1.452461183071136475e-01
8.981752209365367889e-03	1.172165125608444214e-01	-1.417830139398574829e-01
-4.364829976111650467e-03	5.393593385815620422e-02	-1.557145416736602783e-01
-7.405586540699005127e-02	2.063262090086936951e-02	-1.323674023151397705e-01
-1.675795614719390869e-01	2.799661457538604736e-02	-1.528971344232559204e-01
-2.132514119148254395e-01	4.519068449735641479e-02	-1.952904313802719116e-01
-2.377107888460159302e-01	4.905655235052108765e-02	-2.655014991760253906e-01
-2.326799482107162476e-01	4.777089878916740417e-02	-2.910106480121612549e-01
-2.130443900823593140e-01	8.616881817579269409e-02	-3.415246605873107910e-01
-1.438435763120651245e-01	9.939348697662353516e-02	-3.732895553112030029e-01
-4.014213383197784424e-02	1.035546138882637024e-01	-3.715352118015289307e-01
5.066082254052162170e-02	6.678187847137451172e-02	-3.021955192089080811e-01
9.085108339786529541e-02	8.926710486412048340e-02	-2.363721132278442383e-01
6.376632302999496460e-02	1.431707441806793213e-01	-1.649979799985885620e-01
1.183204166591167450e-02	2.049518525600433350e-01	-1.417940557003021240e-01
1.816373551264405251e-03	2.296506315469741821e-01	-1.178051456809043884e-01
2.784688211977481842e-02	2.345728874206542969e-01	-1.093944832682609558e-01
4.640047252178192139e-02	2.197375893592834473e-01	-1.079453304409980774e-01
5.451261997222900391e-02	2.013845592737197876e-01	-1.547439694404602051e-01
9.053600579500198364e-02	1.982443183660507202e-01	-1.849688589572906494e-01
1.866071075201034546e-01	1.842133998870849609e-01	-1.818283200263977051e-01
2.460899055004119873e-01	1.678462028503417969e-01	-1.658203154802322388e-01
2.835851311683654785e-01	1.729764044284820557e-01	-1.392930150032043457e-01
3.195391595363616943e-01	1.561571806669235229e-01	-1.214321255683898926e-01
3.392603397369384766e-01	1.549967378377914429e-01	-9.987317025661468506e-02
3.297969102859497070e-01	1.277012079954147339e-01	-9.744621068239212036e-02
3.275467455387115479e-01	1.400925815105438232e-01	-6.008535251021385193e-02
3.178046345710754395e-01	1.435896307229995728e-01	-6.970609538257122040e-03
2.996613979339599609e-01	1.634158492088317871e-01	1.781393215060234070e-02
2.820909023284912109e-01	1.611616611480712891e-01	2.004208415746688843e-02
2.471112012863159180e-01	1.460458636283874512e-01	-3.310658037662506104e-02
2.274252921342849731e-01	1.081244349479675293e-01	-1.258927285671234131e-01
2.133841961622238159e-01	1.083240583539009094e-01	-1.781943440437316895e-01
2.232639789581298828e-01	1.464591920375823975e-01	-2.486187815666198730e-01
2.574822902679443359e-01	1.991650462150573730e-01	-3.130038678646087646e-01
2.720778584480285645e-01	2.760600447654724121e-01	-3.393450677394866943e-01
2.586279213428497314e-01	3.452599346637725830e-01	-3.611061275005340576e-01
2.384786605834960938e-01	3.691983520984649658e-01	-3.733151257038116455e-01
2.378188669681549072e-01	3.775781095027923584e-01	-3.852801620960235596e-01
2.971087098121643066e-01	3.607383370399475098e-01	-3.744202554225921631e-01
3.388594090938568115e-01	3.237497806549072266e-01	-3.890410959720611572e-01
3.588453531265258789e-01	3.025241792201995850e-01	-4.077154397964477539e-01
3.503237962722778320e-01	2.755825221538543701e-01	-4.346781373023986816e-01
3.433017432689666748e-01	2.481914758682250977e-01	-4.485780894756317139e-01
3.772225081920623779e-01	2.358267903327941895e-01	-4.764780700206756592e-01
4.547029733657836914e-01	2.121724486351013184e-01	-4.930878579616546631e-01
4.977627694606781006e-01	1.620576381683349609e-01	-4.935559928417205811e-01
4.864003956317901611e-01	1.679744273424148560e-01	-4.533193707466125488e-01
4.160449802875518799e-01	1.662420928478240967e-01	-4.143110513687133789e-01
3.434416651725769043e-01	1.842116564512252808e-01	-4.025470316410064697e-01
3.074710071086883545e-01	1.541973799467086792e-01	-4.352564513683319092e-01
2.997279763221740723e-01	6.892798840999603271e-02	-4.991688132286071777e-01
2.946879863739013672e-01	1.527647115290164948e-02	-5.147284865379333496e-01
2.702363729476928711e-01	8.114029653370380402e-03	-4.685476124286651611e-01
2.722522616386413574e-01	7.344807684421539307e-02	-4.607990682125091553e-01
3.040869534015655518e-01	1.464060992002487183e-01	-4.086629450321197510e-01
3.597424030303955078e-01	2.135518789291381836e-01	-4.132873117923736572e-01
4.162080287933349609e-01	2.465486079454421997e-01	-4.199787974357604980e-01
4.557482302188873291e-01	2.583617269992828369e-01	-4.026837050914764404e-01
4.520678222179412842e-01	2.299234122037887573e-01	-3.916622698307037354e-01
4.039561450481414795e-01	1.976785808801651001e-01	-3.538856804370880127e-01
3.452133834362030029e-01	1.624051928520202637e-01	-3.141584694385528564e-01
3.344942629337310791e-01	8.654234558343887329e-02	-2.670968174934387207e-01
3.407637476921081543e-01	4.923822358250617981e-02	-2.049273997545242310e-01
3.437125980854034424e-01	2.753342688083648682e-02	-1.590050458908081055e-01
2.992263138294219971e-01	1.040793135762214661e-01	-1.463060975074768066e-01
2.837156653404235840e-01	1.294455975294113159e-01	-1.866884529590606689e-01
2.954186201095581055e-01	1.165757328271865845e-01	-2.523328065872192383e-01
3.105902671813964844e-01	1.168176457285881042e-01	-2.960408926010131836e-01
3.054799735546112061e-01	1.302836239337921143e-01	-3.327474892139434814e-01
2.726402878761291504e-01	1.231798827648162842e-01	-3.787722289562225342e-01
2.628540992736816406e-01	1.369154304265975952e-01	-3.808979392051696777e-01
2.758827805519104004e-01	1.611464023590087891e-01	-3.877817392349243164e-01
3.009704053401947021e-01	1.784083545207977295e-01	-4.559240937232971191e-01
3.262692093849182129e-01	2.001805901527404785e-01	-5.459973216056823730e-01
3.349395692348480225e-01	1.967148184776306152e-01	-5.872291922569274902e-01
2.904021441936492920e-01	1.322527527809143066e-01	-5.662248730659484863e-01
1.714953184127807617e-01	8.454980701208114624e-02	-5.260146260261535645e-01
-2.580407075583934784e-03	1.071415990591049194e-01	-5.012968778610229492e-01
-8.664219081401824951e-02	1.427784860134124756e-01	-4.832135140895843506e-01
-1.305152475833892822e-01	2.133723199367523193e-01	-4.564716815948486328e-01
-9.991702437400817871e-02	2.779494822025299072e-01	-4.709924459457397461e-01
-8.088090270757675171e-02	3.288429677486419678e-01	-5.101541280746459961e-01
-2.465050853788852692e-02	3.522377312183380127e-01	-5.781852602958679199e-01
1.557319890707731247e-02	3.262974023818969727e-01	-6.114540100097656250e-01
1.033909805119037628e-02	2.965758442878723145e-01	-6.208641529083251953e-01
2.875002333894371986e-03	2.860026955604553223e-01	-5.778626799583435059e-01
-7.440958637744188309e-03	2.409158051013946533e-01	-5.037731528282165527e-01
5.650328006595373154e-03	2.032379359006881714e-01	-4.546598792076110840e-01
-3.688477445393800735e-03	1.393608301877975464e-01	-4.425674378871917725e-01
-5.600859969854354858e-02	1.459321826696395874e-01	-3.998742401599884033e-01
-1.075796335935592651e-01	1.766606420278549194e-01	-3.308161497116088867e-01
-1.503987610340118408e-01	1.848132759332656860e-01	-3.050053417682647705e-01
-1.698016524314880371e-01	1.283286213874816895e-01	-2.907704114913940430e-01
-1.566699594259262085e-01	9.251964092254638672e-02	-3.030090034008026123e-01
-1.240606829524040222e-01	9.722440689802169800e-02	-2.840942740440368652e-01
-1.075925379991531372e-01	1.088963821530342102e-01	-2.744229435920715332e-01
-1.256610900163650513e-01	8.141414076089859009e-02	-2.956477105617523193e-01
-1.468795239925384521e-01	7.291111350059509277e-02	-3.070297241210937500e-01
-1.755654364824295044e-01	6.522025913000106812e-02	-3.211683928966522217e-01
-1.890693753957748413e-01	5.442168563604354858e-02	-3.216605186462402344e-01
-2.151006311178207397e-01	4.919535014778375626e-03	-3.280846476554870605e-01
-2.188872545957565308e-01	-1.130310236476361752e-03	-3.470165133476257324e-01
-2.278876751661300659e-01	2.763364091515541077e-02	-3.807784914970397949e-01
-2.185615599155426025e-01	6.081063300371170044e-02	-4.305719137191772461e-01
-2.019526958465576172e-01	9.008006006479263306e-02	-4.987406730651855469e-01
-1.695079058408737183e-01	1.243179142475128174e-01	-5.538154244422912598e-01
-1.153196766972541809e-01	1.599512547254562378e-01	-5.956833958625793457e-01
-7.701987773180007935e-02	1.750245839357376099e-01	-5.793501138687133789e-01
-8.058237284421920776e-02	1.604898869991302490e-01	-5.016112327575683594e-01
-1.150947734713554382e-01	1.016066372394561768e-01	-4.061253070831298828e-01
-1.328475326299667358e-01	6.962942332029342651e-02	-3.248888254165649414e-01
-1.208867132663726807e-01	5.052504315972328186e-02	-2.825908660888671875e-01
-1.310708522796630859e-01	8.525609970092773438e-02	-2.539758086204528809e-01
-1.671791523694992065e-01	1.078281253576278687e-01	-2.672750651836395264e-01
-1.991895735263824463e-01	1.387826502323150635e-01	-3.022737205028533936e-01
-2.209281623363494873e-01	1.016169637441635132e-01	-3.530110418796539307e-01
-2.501548528671264648e-01	7.463697344064712524e-02	-3.995725214481353760e-01
-2.693547308444976807e-01	6.983768194913864136e-02	-4.121892750263214111e-01
-3.034366965293884277e-01	4.804486036300659180e-02	-4.063257277011871338e-01
-3.064002990722656250e-01	2.833608724176883698e-02	-4.005294740200042725e-01
-3.392072319984436035e-01	1.639865711331367493e-02	-4.009361565113067627e-01
-3.154264688491821289e-01	2.993270568549633026e-02	-4.029204249382019043e-01
-2.775786519050598145e-01	3.112096898257732391e-02	-4.073214530944824219e-01
-2.906672954559326172e-01	-5.932428687810897827e-02	-3.108948767185211182e-01
-3.568722009658813477e-01	-1.258686929941177368e-01	-2.854476571083068848e-01
-4.026768505573272705e-01	-1.573356986045837402e-01	-2.222601473331451416e-01
-4.301492571830749512e-01	-1.773229241371154785e-01	-2.144113630056381226e-01
-4.341566264629364014e-01	-1.869904845952987671e-01	-2.081831246614456177e-01
-3.704220056533813477e-01	-2.058600485324859619e-01	-1.589969098567962646e-01
-2.893742322921752930e-01	-2.225104868412017822e-01	-1.050897315144538879e-01
-2.092783749103546143e-01	-2.297672331333160400e-01	-3.506781533360481262e-02
-1.392190754413604736e-01	-2.482896894216537476e-01	4.760852456092834473e-02
-1.222707554697990417e-01	-2.324522584676742554e-01	1.028601378202438354e-01
-1.434401124715805054e-01	-2.294531464576721191e-01	1.343166083097457886e-01
-1.640482544898986816e-01	-2.530766725540161133e-01	1.645294725894927979e-01
-1.785985529422760010e-01	-2.814245223999023438e-01	1.827419400215148926e-01
-1.810551583766937256e-01	-2.904754877090454102e-01	2.365346848964691162e-01
-1.880390793085098267e-01	-2.786900699138641357e-01	2.683337330818176270e-01
-1.780780106782913208e-01	-2.555111944675445557e-01	2.560756504535675049e-01
-2.061041593551635742e-01	-2.237118780612945557e-01	2.193398475646972656e-01
-2.429046481847763062e-01	-2.408970445394515991e-01	1.801004260778427124e-01
-2.317345589399337769e-01	-2.511810362339019775e-01	1.480303406715393066e-01
-1.909316331148147583e-01	-2.155453264713287354e-01	1.193462312221527100e-01
-1.528400629758834839e-01	-1.516254693269729614e-01	5.019593611359596252e-02
-1.263770610094070435e-01	-9.907366335391998291e-02	-2.607197500765323639e-02
-1.131657585501670837e-01	-5.793642997741699219e-02	-9.122537076473236084e-02
-9.584082663059234619e-02	-1.328404247760772705e-02	-1.338831037282943726e-01
-9.271777421236038208e-02	5.078306794166564941e-02	-1.949469000101089478e-01
-3.511771559715270996e-02	1.128006950020790100e-01	-2.757849991321563721e-01
3.190118074417114258e-02	1.962476521730422974e-01	-3.392573297023773193e-01
9.641917049884796143e-02	2.663806080818176270e-01	-3.613426387310028076e-01
1.391420364379882812e-01	3.089974820613861084e-01	-3.817077577114105225e-01
1.793253123760223389e-01	3.036422431468963623e-01	-4.447902143001556396e-01
1.979312300682067871e-01	2.834422886371612549e-01	-4.921834170818328857e-01
2.293607592582702637e-01	2.267447412014007568e-01	-5.137639045715332031e-01
2.633667588233947754e-01	1.616728603839874268e-01	-4.904079735279083252e-01
3.501887619495391846e-01	6.654533743858337402e-02	-4.422703683376312256e-01
4.116825163364410400e-01	8.953491225838661194e-03	-4.074284732341766357e-01
4.525739252567291260e-01	1.811400055885314941e-02	-4.496333301067352295e-01
4.647193551063537598e-01	3.937260434031486511e-02	-5.051867365837097168e-01
4.279806613922119141e-01	4.538913816213607788e-02	-5.472405552864074707e-01
3.666691482067108154e-01	5.079722031950950623e-02	-5.588725805282592773e-01
3.221315741539001465e-01	4.973490908741950989e-02	-5.706542730331420898e-01
2.827154695987701416e-01	2.842121198773384094e-02	-5.485854148864746094e-01
2.708258926868438721e-01	-2.189813926815986633e-02	-4.759950637817382812e-01
2.522089481353759766e-01	-6.979485601186752319e-02	-3.942663073539733887e-01
1.688152253627777100e-01	-1.219783946871757507e-01	-3.417096436023712158e-01
1.001824364066123962e-01	-1.318936049938201904e-01	-2.665701508522033691e-01
4.616803955286741257e-03	-1.168006211519241333e-01	-2.391462922096252441e-01
-4.780767112970352173e-02	-9.535335749387741089e-02	-2.410634160041809082e-01
3.472456955933012068e-05	-1.189871132373809814e-01	-2.419449687004089355e-01
1.120788510888814926e-02	-1.416477710008621216e-01	-2.715781331062316895e-01
3.863095864653587341e-02	-1.921093761920928955e-01	-2.605345547199249268e-01
6.008557230234146118e-02	-2.060013562440872192e-01	-2.019656300544738770e-01
6.668894551694393158e-03	-2.384304106235504150e-01	-1.426137834787368774e-01
-7.112828642129898071e-02	-2.265737801790237427e-01	-1.065985485911369324e-01
-1.359221190214157104e-01	-2.080359607934951782e-01	-1.130657568573951721e-01
-1.904583424329757690e-01	-1.504526734352111816e-01	-1.378760039806365967e-01
-1.988888084888458252e-01	-8.276999741792678833e-02	-1.241456568241119385e-01
-1.813014149665832520e-01	-4.929933696985244751e-02	-1.055470257997512817e-01
-2.011498808860778809e-01	-5.888183042407035828e-02	-8.461141586303710938e-02
-2.085344642400741577e-01	-7.894570380449295044e-02	-9.208467602729797363e-02
-2.209068089723587036e-01	-7.778274267911911011e-02	-1.028549149632453918e-01
-2.325661629438400269e-01	-7.793139666318893433e-02	-1.391548812389373779e-01
-2.299571931362152100e-01	-7.623599469661712646e-02	-1.367172002792358398e-01
-2.056809663772583008e-01	-7.732011377811431885e-02	-1.596487611532211304e-01
-1.520587801933288574e-01	-5.622579529881477356e-02	-1.744474917650222778e-01
-1.567864269018173218e-01	1.123257447034120560e-02	-1.621696054935455322e-01
-1.626425087451934814e-01	5.017049610614776611e-02	-1.731334626674652100e-01
-1.415134519338607788e-01	7.108289003372192383e-02	-2.318205982446670532e-01
-5.797982960939407349e-02	2.188663557171821594e-02	-3.467416167259216309e-01
-2.213739790022373199e-02	-2.638583071529865265e-02	-3.575501441955566406e-01
-4.613258689641952515e-02	-7.249395549297332764e-02	-3.370772004127502441e-01
-1.219738945364952087e-01	-9.018001705408096313e-02	-2.998429238796234131e-01
-1.768069118261337280e-01	-8.301833271980285645e-02	-2.770201265811920166e-01
-2.243406027555465698e-01	-7.577066868543624878e-02	-2.727816700935363770e-01
-2.579441368579864502e-01	-2.614759653806686401e-02	-2.604381144046783447e-01
-2.417590022087097168e-01	-3.987314552068710327e-02	-2.707501351833343506e-01
-2.335242033004760742e-01	-7.603317499160766602e-02	-2.552771270275115967e-01
-2.149491757154464722e-01	-9.307254850864410400e-02	-2.155205756425857544e-01
-1.878218501806259155e-01	-1.067057102918624878e-01	-1.850696206092834473e-01
-1.720922589302062988e-01	-1.217166706919670105e-01	-1.830579489469528198e-01
-1.476018875837326050e-01	-1.265464872121810913e-01	-1.991746723651885986e-01
-1.519469618797302246e-01	-1.148904189467430115e-01	-2.095288932323455811e-01
-1.368653327226638794e-01	-1.187956035137176514e-01	-2.466593831777572632e-01
-1.492702215909957886e-01	-1.010840088129043579e-01	-2.533527314662933350e-01
-1.962864845991134644e-01	-5.101401731371879578e-02	-2.620511949062347412e-01
-2.676210999488830566e-01	-2.300073858350515366e-03	-2.258189469575881958e-01
-3.040274679660797119e-01	-7.257633260451257229e-04	-2.249300330877304077e-01
-3.284774720668792725e-01	-4.298498108983039856e-02	-2.128179073333740234e-01
-3.223232030868530273e-01	-5.380481481552124023e-02	-2.254484444856643677e-01
-2.879736125469207764e-01	-1.944533735513687134e-02	-2.396555542945861816e-01
-2.708088457584381104e-01	3.427032008767127991e-02	-2.726194858551025391e-01
-2.791499793529510498e-01	4.934283718466758728e-02	-3.093080520629882812e-01
-2.913458049297332764e-01	4.821936786174774170e-02	-3.371772766113281250e-01
-2.632059454917907715e-01	-4.651375114917755127e-03	-3.810537159442901611e-01
-2.393523901700973511e-01	-3.675624355673789978e-02	-3.787890970706939697e-01
-1.821771413087844849e-01	-7.962335646152496338e-02	-3.834747076034545898e-01
-1.935778856277465820e-01	-7.253802567720413208e-02	-3.584772050380706787e-01
-2.044694423675537109e-01	-6.706818193197250366e-02	-3.343819379806518555e-01
-2.944566309452056885e-01	-6.116246804594993591e-02	-2.786298692226409912e-01
-3.598035871982574463e-01	-4.269655421376228333e-02	-1.897183656692504883e-01
-3.638846278190612793e-01	-4.871669784188270569e-02	-1.116263940930366516e-01
-3.403253257274627686e-01	-5.537255108356475830e-02	-7.423628866672515869e-02
-3.020843863487243652e-01	-8.123784512281417847e-02	-3.181138262152671814e-02
-3.213014602661132812e-01	-7.173293083906173706e-02	1.910525932908058167e-02
-3.470758199691772461e-01	-4.572716355323791504e-02	7.345494627952575684e-02
-3.550846278667449951e-01	-3.910354152321815491e-02	1.301131844520568848e-01
-3.449438810348510742e-01	-4.944637417793273926e-02	1.747045069932937622e-01
-3.465237915515899658e-01	-7.578546553850173950e-02	1.954699903726577759e-01
-3.088863790035247803e-01	-1.268535554409027100e-01	2.376503199338912964e-01
-2.871327102184295654e-01	-1.768900603055953979e-01	2.102293670177459717e-01
-3.107832372188568115e-01	-1.957552134990692139e-01	2.389595359563827515e-01
-3.926171064376831055e-01	-1.852558255195617676e-01	2.439692467451095581e-01
-4.347953498363494873e-01	-1.463582962751388550e-01	2.976809144020080566e-01
-4.492090940475463867e-01	-1.690328121185302734e-01	3.228853344917297363e-01
-4.221976399421691895e-01	-2.363387644290924072e-01	3.350139558315277100e-01
-4.631012380123138428e-01	-2.970310747623443604e-01	3.135825991630554199e-01
-4.734360575675964355e-01	-3.423103094100952148e-01	2.934463322162628174e-01
-5.054390430450439453e-01	-3.486319482326507568e-01	2.501543164253234863e-01
-4.824168384075164795e-01	-3.705384731292724609e-01	2.428584396839141846e-01
-4.593543410301208496e-01	-3.817236721515655518e-01	2.156613022089004517e-01
-4.542958140373229980e-01	-3.370425403118133545e-01	2.194760143756866455e-01
-4.439610838890075684e-01	-2.802886068820953369e-01	2.023725658655166626e-01
-4.405284821987152100e-01	-2.573375403881072998e-01	1.905858069658279419e-01
-4.823989868164062500e-01	-2.868129611015319824e-01	1.714871227741241455e-01
-5.266240239143371582e-01	-3.087436258792877197e-01	1.877434253692626953e-01
-4.790600240230560303e-01	-2.897762656211853027e-01	2.457143962383270264e-01
-4.624229371547698975e-01	-2.787118852138519287e-01	3.037603795528411865e-01
-4.489281773567199707e-01	-2.894415855407714844e-01	3.222450017929077148e-01
-4.815895855426788330e-01	-2.839539051055908203e-01	2.723565399646759033e-01
-4.558950960636138916e-01	-3.065593540668487549e-01	2.227353602647781372e-01
-4.180746972560882568e-01	-3.163920342922210693e-01	1.989940553903579712e-01
-3.618620634078979492e-01	-3.447099924087524414e-01	2.142157256603240967e-01
-3.167280256748199463e-01	-3.269058167934417725e-01	2.446101158857345581e-01
-2.672622501850128174e-01	-2.912154197692871094e-01	2.871036827564239502e-01
-2.428654283285140991e-01	-2.553029656410217285e-01	3.246028721332550049e-01
-2.554513216018676758e-01	-2.361979633569717407e-01	3.395047187805175781e-01
-2.797463238239288330e-01	-2.432156503200531006e-01	2.842690348625183105e-01
-2.751588523387908936e-01	-2.186287641525268555e-01	2.519099712371826172e-01
-2.871461212635040283e-01	-2.047215253114700317e-01	1.997877955436706543e-01
-3.123491704463958740e-01	-1.938033849000930786e-01	2.085426598787307739e-01
-3.247544169425964355e-01	-2.048536539077758789e-01	2.053734511137008667e-01
-3.170902729034423828e-01	-2.315978854894638062e-01	1.888584196567535400e-01
-2.975964546203613281e-01	-2.491296529769897461e-01	2.132187187671661377e-01
-3.029312193393707275e-01	-2.897209227085113525e-01	2.440859228372573853e-01
-2.962681353092193604e-01	-3.473180830478668213e-01	2.945282161235809326e-01
-3.117018640041351318e-01	-3.867031335830688477e-01	3.262032270431518555e-01
-3.098257184028625488e-01	-4.057991206645965576e-01	3.595107197761535645e-01
-2.528151273727416992e-01	-4.048480689525604248e-01	4.062472581863403320e-01
-2.798237800598144531e-01	-4.004634320735931396e-01	4.679600000381469727e-01
-2.855826318264007568e-01	-3.838121592998504639e-01	4.520066976547241211e-01
-2.679027915000915527e-01	-3.331971466541290283e-01	3.736657798290252686e-01
-2.743544578552246094e-01	-3.061539232730865479e-01	2.727813124656677246e-01
-2.784080505371093750e-01	-3.257881999015808105e-01	1.876448243856430054e-01
-3.024182021617889404e-01	-3.441822528839111328e-01	1.452751159667968750e-01
-2.792105674743652344e-01	-3.433673381805419922e-01	1.467126607894897461e-01
-2.869574725627899170e-01	-3.243111968040466309e-01	2.076182812452316284e-01
-2.637815773487091064e-01	-2.525390982627868652e-01	2.846198379993438721e-01
-2.588078975677490234e-01	-2.329996973276138306e-01	2.994481325149536133e-01
-2.620344758033752441e-01	-2.416114211082458496e-01	2.866580784320831299e-01
-2.793446779251098633e-01	-2.473596781492233276e-01	2.378835380077362061e-01
-2.766524255275726318e-01	-2.289429455995559692e-01	1.870418637990951538e-01
-2.750459611415863037e-01	-2.032319754362106323e-01	1.150286421179771423e-01
-2.421160489320755005e-01	-1.649830043315887451e-01	4.710197076201438904e-02
-1.945732235908508301e-01	-1.201814115047454834e-01	-1.158645935356616974e-02
-1.707269102334976196e-01	-9.987616539001464844e-02	-9.221053123474121094e-02
-1.622955054044723511e-01	-9.846860915422439575e-02	-1.941225528717041016e-01
-1.529151648283004761e-01	-1.132224351167678833e-01	-3.346606791019439697e-01
-1.087827757000923157e-01	-1.099931448698043823e-01	-3.965003490447998047e-01
-9.278788417577743530e-02	-1.044584885239601135e-01	-4.024671912193298340e-01
-1.044683679938316345e-01	-9.237330406904220581e-02	-3.810310959815979004e-01
-1.118413731455802917e-01	-8.998584002256393433e-02	-3.442357182502746582e-01
-6.634552031755447388e-02	-9.509479254484176636e-02	-2.516223192214965820e-01
5.267357453703880310e-03	-1.148571074008941650e-01	-1.549965888261795044e-01
1.590244621038436890e-01	-1.702598631381988525e-01	-6.769870966672897339e-02
2.292000502347946167e-01	-2.372580021619796753e-01	1.039417553693056107e-02
2.167988419532775879e-01	-3.209085166454315186e-01	7.910199463367462158e-02
1.156891137361526489e-01	-3.523742258548736572e-01	1.116858795285224915e-01
5.110273137688636780e-02	-3.968189358711242676e-01	1.040406450629234314e-01
2.639013109728693962e-03	-4.181192517280578613e-01	4.441265761852264404e-02
-1.554570998996496201e-02	-3.954956233501434326e-01	-9.985338896512985229e-03
-2.004413679242134094e-02	-2.543916106224060059e-01	-4.910923913121223450e-02
4.183920565992593765e-03	-1.537001430988311768e-01	-1.032041460275650024e-01
3.957122191786766052e-02	-9.976329654455184937e-02	-1.591145694255828857e-01
7.127941399812698364e-02	-5.484589561820030212e-02	-2.296321690082550049e-01
8.977816998958587646e-02	-1.263100653886795044e-02	-3.024977147579193115e-01
1.120477095246315002e-01	3.135886043310165405e-02	-3.921071290969848633e-01
1.736127883195877075e-01	8.587516844272613525e-02	-4.192121922969818115e-01
2.480955421924591064e-01	1.392373740673065186e-01	-3.742577135562896729e-01
3.236610889434814453e-01	1.387505084276199341e-01	-3.466078639030456543e-01
3.109211027622222900e-01	1.450362801551818848e-01	-3.344771265983581543e-01
2.185813188552856445e-01	1.526642292737960815e-01	-3.886990845203399658e-01
1.482631564140319824e-01	1.815125793218612671e-01	-4.124107360839843750e-01
1.655250340700149536e-01	1.911752820014953613e-01	-4.621852934360504150e-01
2.339162975549697876e-01	1.483457386493682861e-01	-4.839557409286499023e-01
2.836276292800903320e-01	8.661699295043945312e-02	-4.739895462989807129e-01
2.666078805923461914e-01	5.661701411008834839e-02	-3.988513052463531494e-01
2.000585198402404785e-01	5.202667042613029480e-02	-3.031048178672790527e-01
8.401287347078323364e-02	6.606305390596389771e-02	-1.833795160055160522e-01
-2.596644312143325806e-02	6.486141681671142578e-02	-1.554888933897018433e-01
-6.089788302779197693e-02	7.816614955663681030e-02	-2.005662620067596436e-01
-6.881838291883468628e-02	1.069252192974090576e-01	-3.061087131500244141e-01
-2.708576992154121399e-02	1.443047374486923218e-01	-3.889030218124389648e-01
-2.625939960125833750e-04	1.930498033761978149e-01	-4.631400704383850098e-01
4.212272912263870239e-02	2.655439376831054688e-01	-5.178542137145996094e-01
8.722408115863800049e-02	3.490553498268127441e-01	-5.627600550651550293e-01
1.093504130840301514e-01	3.819552958011627197e-01	-5.876438021659851074e-01
1.508497893810272217e-01	4.035999476909637451e-01	-6.012888550758361816e-01
2.017301619052886963e-01	4.172156155109405518e-01	-6.360136270523071289e-01
2.614534795284271240e-01	4.001906216144561768e-01	-6.559633612632751465e-01
2.803692817687988281e-01	3.447518646717071533e-01	-6.680799722671508789e-01
3.401689529418945312e-01	3.058097362518310547e-01	-6.447759270668029785e-01
3.714660108089447021e-01	2.453858107328414917e-01	-5.987605452537536621e-01
3.914965093135833740e-01	2.626332938671112061e-01	-5.507472753524780273e-01
3.812251687049865723e-01	3.195292055606842041e-01	-5.069939494132995605e-01
3.413309454917907715e-01	2.953799366950988770e-01	-5.180664062500000000e-01
3.210317194461822510e-01	2.444827258586883545e-01	-5.602222681045532227e-01
2.843646705150604248e-01	1.852830499410629272e-01	-5.857970714569091797e-01
2.719279229640960693e-01	1.719724386930465698e-01	-5.842089056968688965e-01
2.632896304130554199e-01	1.700257360935211182e-01	-5.468724370002746582e-01
2.662184238433837891e-01	7.991092652082443237e-02	-5.456312298774719238e-01
2.755664587020874023e-01	-3.072317456826567650e-03	-5.078238844871520996e-01
2.873333692550659180e-01	-4.385043680667877197e-02	-4.429714083671569824e-01
2.734515666961669922e-01	-1.940633170306682587e-02	-3.431994915008544922e-01
2.731923460960388184e-01	5.417156498879194260e-03	-2.604744434356689453e-01
2.764402329921722412e-01	5.091978982090950012e-02	-2.053385674953460693e-01
2.837820947170257568e-01	5.726007372140884399e-02	-1.892675012350082397e-01
2.801141142845153809e-01	8.183760941028594971e-02	-1.508894264698028564e-01
2.658182382583618164e-01	8.881319314241409302e-02	-9.237638115882873535e-02
2.734992504119873047e-01	1.185152083635330200e-01	-5.870737950317561626e-04
2.909700274467468262e-01	1.114395260810852051e-01	6.078609824180603027e-02
1.611349582672119141e-01	2.845483645796775818e-02	2.371463924646377563e-02
8.234106749296188354e-02	1.744198496453464031e-03	1.181798242032527924e-02
3.897474333643913269e-02	-4.870193079113960266e-03	7.165049668401479721e-03
4.841436818242073059e-02	8.277515880763530731e-03	-7.268887944519519806e-03
5.310988426208496094e-02	1.260260865092277527e-02	-3.542449697852134705e-02
3.059801459312438965e-02	3.204096108675003052e-02	-7.009723037481307983e-02
1.463200524449348450e-02	5.648411810398101807e-02	-9.953460097312927246e-02
1.361794024705886841e-02	1.079577803611755371e-01	-1.342658251523971558e-01
1.584356836974620819e-02	1.529220491647720337e-01	-1.267756223678588867e-01
9.517696686089038849e-03	1.780695021152496338e-01	-1.177624911069869995e-01
-2.677956037223339081e-02	1.767468899488449097e-01	-6.694690883159637451e-02
-7.122641801834106445e-02	1.666889786720275879e-01	-5.302595347166061401e-02
-8.024434000253677368e-02	1.435627490282058716e-01	-5.782213807106018066e-02
-9.878386557102203369e-02	1.255451589822769165e-01	-6.428843736648559570e-02
-1.394467353820800781e-01	7.555066049098968506e-02	-9.266537427902221680e-02
-1.521781235933303833e-01	5.020531639456748962e-02	-1.399766504764556885e-01
-1.062513962388038635e-01	2.743615955114364624e-02	-1.701717674732208252e-01
-4.079189524054527283e-02	5.882248282432556152e-03	-2.264943867921829224e-01
-7.119137048721313477e-02	-1.835484616458415985e-02	-2.039824575185775757e-01
-1.329048573970794678e-01	-4.627694189548492432e-02	-1.548704802989959717e-01
-1.657902598381042480e-01	-5.198469385504722595e-02	-1.056330278515815735e-01
-1.723796874284744263e-01	-2.064371947199106216e-03	-6.263507902622222900e-02
-1.181462332606315613e-01	6.320667266845703125e-02	-6.118439882993698120e-02
-1.067901179194450378e-01	9.121535718441009521e-02	-5.854247137904167175e-02
-1.600055694580078125e-01	1.118363887071609497e-01	4.568994417786598206e-02
-1.946114301681518555e-01	8.979808539152145386e-02	1.554726809263229370e-01
-2.261063903570175171e-01	8.256966620683670044e-02	1.916127353906631470e-01
-1.845984309911727905e-01	8.270484954118728638e-02	2.053784132003784180e-01
-1.377138048410415649e-01	1.320852637290954590e-01	1.555320024490356445e-01
-8.594750612974166870e-02	1.620500534772872925e-01	1.131777688860893250e-01
-5.288926139473915100e-02	1.684278696775436401e-01	7.879738509654998779e-02
2.066029002889990807e-03	1.487616449594497681e-01	6.049469485878944397e-02
1.006835624575614929e-01	9.595651179552078247e-02	2.610089257359504700e-02
1.351937800645828247e-01	5.947228521108627319e-02	2.742050215601921082e-02
1.261823326349258423e-01	2.565442025661468506e-02	2.112719230353832245e-02
8.697169274091720581e-02	-1.488656387664377689e-03	-7.868899032473564148e-03
2.351946756243705750e-02	-1.362402830272912979e-02	-4.348817840218544006e-02
-5.042157694697380066e-02	-9.142903611063957214e-03	-7.822335511445999146e-02
-9.702430665493011475e-02	2.808916196227073669e-02	-1.365578323602676392e-01
-1.619318723678588867e-01	1.042327731847763062e-01	-1.879556030035018921e-01
-1.956714838743209839e-01	1.522432565689086914e-01	-2.373541593551635742e-01
-2.268450856208801270e-01	1.813991367816925049e-01	-2.492190152406692505e-01
-1.939566135406494141e-01	1.533366143703460693e-01	-2.610562145709991455e-01
-2.091891765594482422e-01	1.058207079768180847e-01	-2.714406847953796387e-01
-2.227269858121871948e-01	8.783696591854095459e-02	-2.732451260089874268e-01
-2.510749101638793945e-01	1.116091012954711914e-01	-2.651067972183227539e-01
-2.944176197052001953e-01	1.495723277330398560e-01	-2.792773842811584473e-01
-3.378294408321380615e-01	1.676961928606033325e-01	-3.586395382881164551e-01
-3.366177082061767578e-01	1.769326776266098022e-01	-4.264194965362548828e-01
-3.276631832122802734e-01	1.592975705862045288e-01	-4.757729470729827881e-01
-3.672377765178680420e-01	1.557005345821380615e-01	-5.416434407234191895e-01
-3.956016600131988525e-01	1.659314632415771484e-01	-6.231462359428405762e-01
-3.708171248435974121e-01	1.689707338809967041e-01	-6.619862318038940430e-01
-3.138453662395477295e-01	1.919159740209579468e-01	-6.817515492439270020e-01
-2.712314128875732422e-01	2.072235345840454102e-01	-7.241125106811523438e-01
-2.109774649143218994e-01	1.961014866828918457e-01	-7.838910222053527832e-01
-1.478460729122161865e-01	1.577848643064498901e-01	-8.025268912315368652e-01
-1.183511838316917419e-01	1.335524171590805054e-01	-8.263313770294189453e-01
-1.005970016121864319e-01	9.469471871852874756e-02	-8.070647120475769043e-01
-1.387226581573486328e-01	8.531393855810165405e-02	-7.386775612831115723e-01
-1.378287971019744873e-01	8.247099816799163818e-02	-6.735436916351318359e-01
-1.667614281177520752e-01	1.043637469410896301e-01	-6.167720556259155273e-01
-2.344051301479339600e-01	9.357114136219024658e-02	-6.145558357238769531e-01
-3.388850390911102295e-01	5.663991346955299377e-02	-5.912328958511352539e-01
-4.222648739814758301e-01	2.013199403882026672e-02	-5.690816640853881836e-01
-4.302449822425842285e-01	-1.789025962352752686e-02	-4.684250950813293457e-01
-4.060935378074645996e-01	-2.330768853425979614e-02	-3.547397553920745850e-01
-3.614358901977539062e-01	-1.116677839308977127e-02	-2.189777940511703491e-01
-3.298023641109466553e-01	-1.766738295555114746e-02	-9.398081898689270020e-02
-2.847759723663330078e-01	-1.368417590856552124e-02	3.715800493955612183e-02
-2.654700577259063721e-01	-2.359908632934093475e-02	1.462580710649490356e-01
-2.445057630538940430e-01	-3.733847290277481079e-02	2.524206638336181641e-01
-2.686543464660644531e-01	-2.147132158279418945e-02	3.172925412654876709e-01
-2.648499310016632080e-01	-8.544814772903919220e-03	3.463488817214965820e-01
-2.330309897661209106e-01	-8.568471297621726990e-03	3.419208824634552002e-01
-2.214266508817672729e-01	-4.755815491080284119e-02	3.222565352916717529e-01
-2.011255025863647461e-01	-3.894700109958648682e-02	3.112851977348327637e-01
-2.474600225687026978e-01	-1.492094714194536209e-02	2.926117479801177979e-01
-2.930289506912231445e-01	6.526670884341001511e-03	3.069660365581512451e-01
-3.516558408737182617e-01	4.736408963799476624e-02	3.314161002635955811e-01
-4.023950099945068359e-01	1.505459472537040710e-02	3.497367799282073975e-01
-4.172403216361999512e-01	-4.169772937893867493e-02	3.387770950794219971e-01
-4.173725545406341553e-01	-8.864444494247436523e-02	3.190839588642120361e-01
-3.625283837318420410e-01	-8.765334635972976685e-02	3.213446140289306641e-01
-2.840938568115234375e-01	-4.072995856404304504e-02	3.031975924968719482e-01
-2.515510022640228271e-01	-8.243349194526672363e-02	2.875710129737854004e-01
-2.903585135936737061e-01	-1.962542533874511719e-01	3.116162121295928955e-01
-3.681827485561370850e-01	-2.820731699466705322e-01	3.255884051322937012e-01
-4.156231284141540527e-01	-2.821945548057556152e-01	3.759076297283172607e-01
-3.813127577304840088e-01	-2.829706966876983643e-01	3.820433020591735840e-01
-3.601154088973999023e-01	-2.597716450691223145e-01	4.045109152793884277e-01
-3.866858482360839844e-01	-2.110299915075302124e-01	3.860310316085815430e-01
-4.101465642452239990e-01	-1.405950933694839478e-01	3.559918105602264404e-01
-4.295812249183654785e-01	-1.036232411861419678e-01	2.922713160514831543e-01
-4.787155091762542725e-01	-9.463341534137725830e-02	2.553279995918273926e-01
-5.137620568275451660e-01	-5.872888118028640747e-02	2.123376131057739258e-01
-4.939171373844146729e-01	-7.994553446769714355e-02	9.926995635032653809e-02
-4.559041559696197510e-01	-1.073113232851028442e-01	1.486040931195020676e-02
-4.262214601039886475e-01	-1.470306366682052612e-01	-6.046047806739807129e-02
-3.756962716579437256e-01	-1.769898235797882080e-01	-1.112054958939552307e-01
-3.612304627895355225e-01	-1.726150214672088623e-01	-1.233876645565032959e-01
-3.792968988418579102e-01	-1.440628618001937866e-01	-1.186325624585151672e-01
-3.917914628982543945e-01	-1.329262703657150269e-01	-1.214015558362007141e-01
-3.805357217788696289e-01	-1.182145699858665466e-01	-9.902811795473098755e-02
-3.583667874336242676e-01	-1.397667378187179565e-01	-1.270556747913360596e-01
-3.190732896327972412e-01	-1.641271114349365234e-01	-1.576347202062606812e-01
-3.298703730106353760e-01	-1.833328604698181152e-01	-2.212196439504623413e-01
-3.092077076435089111e-01	-1.790086328983306885e-01	-2.509762346744537354e-01
-3.268825411796569824e-01	-1.451789140701293945e-01	-2.668685317039489746e-01
-2.913345098495483398e-01	-1.230002418160438538e-01	-2.926680147647857666e-01
-2.777928709983825684e-01	-7.480645179748535156e-02	-3.127781748771667480e-01
-2.717460095882415771e-01	-2.119563147425651550e-02	-3.270224928855895996e-01
-2.857860326766967773e-01	7.938835769891738892e-02	-2.739661335945129395e-01
-2.674452662467956543e-01	7.662343233823776245e-02	-2.849319875240325928e-01
-2.623423039913177490e-01	8.105406165122985840e-02	-2.770988941192626953e-01
-2.438504546880722046e-01	7.555219531059265137e-02	-2.394673973321914673e-01
-2.386217862367630005e-01	7.741893082857131958e-02	-1.952381283044815063e-01
-1.650954782962799072e-01	1.163632869720458984e-01	-2.054889351129531860e-01
-4.996060207486152649e-02	1.547637283802032471e-01	-2.783553898334503174e-01
4.566057026386260986e-02	1.941992789506912231e-01	-3.383719027042388916e-01
9.753763675689697266e-02	2.296326458454132080e-01	-3.823488354682922363e-01
7.947255671024322510e-02	3.013329505920410156e-01	-4.122640192508697510e-01
3.061696700751781464e-02	3.267522454261779785e-01	-4.732070863246917725e-01
6.865603383630514145e-03	3.366509675979614258e-01	-5.071185827255249023e-01
1.719874329864978790e-02	3.301748633384704590e-01	-5.516355633735656738e-01
-3.617953043431043625e-03	3.304081261157989502e-01	-5.320581793785095215e-01
-5.313713476061820984e-02	2.728869915008544922e-01	-4.597548842430114746e-01
-1.025433614850044250e-01	2.328556478023529053e-01	-3.901020288467407227e-01
-1.116911992430686951e-01	2.049562036991119385e-01	-3.219517171382904053e-01
-9.630226343870162964e-02	2.027245163917541504e-01	-2.803823053836822510e-01
-8.529526740312576294e-02	1.566979438066482544e-01	-2.212167382240295410e-01
-1.358089447021484375e-01	1.125382035970687866e-01	-1.515424847602844238e-01
-1.955547779798507690e-01	6.346572935581207275e-02	-1.019356250762939453e-01
-2.636942863464355469e-01	2.390078268945217133e-02	-5.108960345387458801e-02
-3.277835845947265625e-01	-4.165443591773509979e-03	-3.111785091459751129e-02
-3.578774034976959229e-01	-1.129634398967027664e-02	-3.138713305816054344e-03
-3.833784461021423340e-01	2.336899563670158386e-02	-5.840789061039686203e-03
-3.475603163242340088e-01	1.660919934511184692e-02	7.237877696752548218e-02
-3.721454739570617676e-01	2.951175533235073090e-02	7.897576689720153809e-02
-3.574071228504180908e-01	9.169967845082283020e-03	7.416868954896926880e-02
-3.140583336353302002e-01	6.498986855149269104e-03	4.689648747444152832e-02
-2.020513266324996948e-01	-5.659662187099456787e-03	2.006965503096580505e-02
-1.353699117898941040e-01	3.706356437760405242e-05	3.191769495606422424e-02
-6.770692020654678345e-02	7.087884936481714249e-03	7.160402834415435791e-03
-1.028166487812995911e-01	-8.529542945325374603e-03	1.307207196950912476e-01
-1.187932640314102173e-01	-4.612466692924499512e-02	2.141233980655670166e-01
-1.283158957958221436e-01	-1.439386159181594849e-01	2.340695858001708984e-01
-1.371542066335678101e-01	-1.989247202873229980e-01	2.626865208148956299e-01
-1.962258368730545044e-01	-1.945458799600601196e-01	2.752926945686340332e-01
-2.955852448940277100e-01	-1.441677659749984741e-01	2.751309573650360107e-01
-4.282954633235931396e-01	-9.024471789598464966e-02	2.311976402997970581e-01
-4.966552853584289551e-01	-3.144915029406547546e-02	1.843419671058654785e-01
-5.142313838005065918e-01	3.732308372855186462e-02	1.415228247642517090e-01
-4.888682067394256592e-01	8.134073019027709961e-02	1.010049358010292053e-01
-4.470332860946655273e-01	1.478839814662933350e-01	9.767135977745056152e-02
-4.127602279186248779e-01	1.913758963346481323e-01	1.142482161521911621e-01
-3.867320716381072998e-01	2.259887009859085083e-01	1.517431437969207764e-01
-3.683734834194183350e-01	2.206461727619171143e-01	2.016136646270751953e-01
-3.202239573001861572e-01	2.186426520347595215e-01	2.217256873846054077e-01
-2.918321192264556885e-01	2.468773871660232544e-01	2.124948054552078247e-01
-2.337416410446166992e-01	3.240889310836791992e-01	1.339278966188430786e-01
-2.029410004615783691e-01	3.597548305988311768e-01	2.771465107798576355e-02
-1.773891150951385498e-01	3.325305879116058350e-01	-2.295720390975475311e-02
-1.860426664352416992e-01	2.820186018943786621e-01	-4.379086568951606750e-02
-1.709102839231491089e-01	2.025061994791030884e-01	-4.033443331718444824e-02
-1.471725702285766602e-01	1.324997842311859131e-01	-4.960316047072410583e-02
-1.676816493272781372e-01	7.662190496921539307e-02	-4.453839361667633057e-02
-2.313411980867385864e-01	8.264349400997161865e-02	-3.367080911993980408e-02
-3.037324547767639160e-01	1.155389696359634399e-01	-3.519743308424949646e-02
-3.527741730213165283e-01	1.210571452975273132e-01	-2.712306752800941467e-02
-3.407329320907592773e-01	1.024428158998489380e-01	-2.665288001298904419e-02
-3.380059003829956055e-01	5.232843756675720215e-02	-2.124720066785812378e-02
-3.734734058380126953e-01	1.242491137236356735e-02	-5.570302903652191162e-02
-3.827339112758636475e-01	-4.997079819440841675e-02	-1.000387072563171387e-01
-4.200391769409179688e-01	-4.873744770884513855e-02	-1.353403031826019287e-01
-4.290142059326171875e-01	-3.817241266369819641e-02	-1.463585644960403442e-01
-4.090574681758880615e-01	-3.031775355339050293e-02	-1.585368663072586060e-01
-3.857043981552124023e-01	-4.864123091101646423e-02	-1.078434586524963379e-01
-3.405937254428863525e-01	1.552930218167603016e-03	-7.312364131212234497e-02
-3.012618422508239746e-01	-1.376417558640241623e-02	-3.991953283548355103e-02
-1.491746455430984497e-01	1.572679542005062103e-02	-4.025272279977798462e-02
-7.025612145662307739e-02	1.804299652576446533e-02	-4.029731452465057373e-02
-3.147200122475624084e-02	1.406550966203212738e-02	-3.694027662277221680e-02
-1.340550463646650314e-02	9.749268181622028351e-03	-3.189823776483535767e-02
-5.489781498908996582e-03	6.503911688923835754e-03	-2.677586115896701813e-02
6.004966795444488525e-02	-1.635149121284484863e-02	5.763066187500953674e-02
7.948257029056549072e-02	-5.135511606931686401e-02	1.146653369069099426e-01
1.290707439184188843e-01	-8.386049419641494751e-02	1.960069090127944946e-01
1.288000792264938354e-01	-1.370182782411575317e-01	2.517457008361816406e-01
1.339561343193054199e-01	-1.460843682289123535e-01	3.180152177810668945e-01
1.329388320446014404e-01	-1.588094383478164673e-01	3.617647886276245117e-01
2.554285712540149689e-02	-9.070212393999099731e-02	2.727963328361511230e-01
9.577079862356185913e-02	-1.304258108139038086e-01	2.623674869537353516e-01
1.314709633588790894e-01	-1.725261360406875610e-01	2.557608485221862793e-01
1.187966093420982361e-01	-1.837545484304428101e-01	2.689640522003173828e-01
2.506102062761783600e-02	-1.959975063800811768e-01	2.916615307331085205e-01
-8.782494068145751953e-02	-2.252292186021804810e-01	3.251816332340240479e-01
-1.339784562587738037e-01	-2.528932392597198486e-01	3.744506835937500000e-01
1.027717487886548042e-03	-3.234048187732696533e-01	4.715844094753265381e-01
1.290286779403686523e-01	-3.175687491893768311e-01	5.730093717575073242e-01
2.009273767471313477e-01	-3.052464723587036133e-01	6.539103984832763672e-01
1.644863933324813843e-01	-2.977532446384429932e-01	7.267588973045349121e-01
1.195698678493499756e-01	-3.075559735298156738e-01	7.665857076644897461e-01
7.616816461086273193e-02	-3.040782809257507324e-01	8.037667870521545410e-01
7.309021055698394775e-02	-2.638621032238006592e-01	8.423663377761840820e-01
4.170669987797737122e-02	-2.397506833076477051e-01	8.591816425323486328e-01
1.915029995143413544e-02	-2.071827948093414307e-01	8.504036068916320801e-01
2.400613948702812195e-02	-1.994782835245132446e-01	8.330619931221008301e-01
8.429088443517684937e-02	-2.054375410079956055e-01	8.161016702651977539e-01
1.846120208501815796e-01	-2.137447446584701538e-01	8.252021670341491699e-01
2.705053389072418213e-01	-2.093011438846588135e-01	8.623754382133483887e-01
3.503437936305999756e-01	-2.235746383666992188e-01	8.897863626480102539e-01
3.695608079433441162e-01	-2.259511649608612061e-01	9.013161659240722656e-01
3.576830029487609863e-01	-2.334523797035217285e-01	8.540517091751098633e-01
3.226189315319061279e-01	-2.005635201930999756e-01	7.445318102836608887e-01
2.909627258777618408e-01	-1.447966098785400391e-01	6.270675659179687500e-01
2.685474157333374023e-01	-8.033313602209091187e-02	5.164889693260192871e-01
2.381416261196136475e-01	-5.108843743801116943e-02	4.347396790981292725e-01
2.258962094783782959e-01	-4.466734826564788818e-02	3.679206669330596924e-01
2.215609401464462280e-01	-1.994978077709674835e-02	3.308775126934051514e-01
2.564048171043395996e-01	-1.462073903530836105e-02	2.514085471630096436e-01
2.949472963809967041e-01	-2.061166986823081970e-02	2.137528359889984131e-01
2.967272400856018066e-01	-5.300964042544364929e-02	1.975700110197067261e-01
2.541823685169219971e-01	-7.764465361833572388e-02	2.266760170459747314e-01
1.871223300695419312e-01	-1.223366037011146545e-01	2.960516810417175293e-01
1.151779219508171082e-01	-1.558732837438583374e-01	3.488093614578247070e-01
7.023779302835464478e-02	-1.471857726573944092e-01	3.953553736209869385e-01
6.086001172661781311e-02	-9.852785617113113403e-02	4.117565155029296875e-01
1.031111329793930054e-01	-5.742952227592468262e-02	4.114170968532562256e-01
1.486479043960571289e-01	6.482689175754785538e-03	4.156976342201232910e-01
1.747220605611801147e-01	4.871284216642379761e-02	3.205879330635070801e-01
1.732768565416336060e-01	4.724275693297386169e-02	2.477491647005081177e-01
1.465701609849929810e-01	3.969530388712882996e-02	2.014726698398590088e-01
1.756442338228225708e-01	1.867102831602096558e-02	1.835968047380447388e-01
2.081666439771652222e-01	-1.580781303346157074e-02	1.651170551776885986e-01
2.755641341209411621e-01	-1.877168565988540649e-02	1.433714777231216431e-01
3.001370131969451904e-01	-6.194230634719133377e-03	1.820773035287857056e-01
2.834383845329284668e-01	2.176828682422637939e-02	2.342644482851028442e-01
2.224324941635131836e-01	3.731067851185798645e-02	3.066863119602203369e-01
2.499353736639022827e-01	4.766467586159706116e-02	3.659528791904449463e-01
2.687153816223144531e-01	4.776935651898384094e-02	3.841912448406219482e-01
2.725252211093902588e-01	4.739894717931747437e-02	3.760881423950195312e-01
2.391635924577713013e-01	-1.383444201201200485e-02	3.641849458217620850e-01
2.205908000469207764e-01	-4.432553052902221680e-02	3.904327154159545898e-01
1.568787992000579834e-01	-9.478972107172012329e-02	3.662292361259460449e-01
8.839637786149978638e-02	-1.148926541209220886e-01	3.017240166664123535e-01
3.285228833556175232e-02	-1.580580472946166992e-01	3.031268715858459473e-01
1.616954617202281952e-02	-1.687561422586441040e-01	3.122298121452331543e-01
-8.954020217061042786e-03	-1.794402003288269043e-01	3.778583705425262451e-01
-1.912914961576461792e-02	-1.668767035007476807e-01	4.252112209796905518e-01
-3.730524331331253052e-02	-1.630223989486694336e-01	4.659375846385955811e-01
-5.393834039568901062e-02	-8.142729848623275757e-02	3.317638337612152100e-01
-8.363705128431320190e-03	-9.783739596605300903e-02	3.935796916484832764e-01
3.252276405692100525e-02	-8.391692489385604858e-02	4.021341502666473389e-01
7.510449737310409546e-02	-5.339126288890838623e-02	3.333785831928253174e-01
9.426357597112655640e-02	-7.150422316044569016e-04	2.415751069784164429e-01
6.701564043760299683e-02	8.018718659877777100e-02	1.104368492960929871e-01
9.658595174551010132e-02	1.232695132493972778e-01	-3.778480365872383118e-02
1.331083178520202637e-01	1.249125450849533081e-01	-1.949426382780075073e-01
1.629613488912582397e-01	1.452459543943405151e-01	-2.771167755126953125e-01
1.525342017412185669e-01	1.832596063613891602e-01	-2.858296036720275879e-01
1.418865770101547241e-01	2.204708009958267212e-01	-3.055766820907592773e-01
1.583294123411178589e-01	2.511729896068572998e-01	-3.330993056297302246e-01
1.525379866361618042e-01	2.339718341827392578e-01	-2.494001388549804688e-01
1.654325276613235474e-01	1.986367553472518921e-01	-1.685131490230560303e-01
2.029917836189270020e-01	1.511383205652236938e-01	-8.659386634826660156e-02
2.057920247316360474e-01	1.012891232967376709e-01	-9.489146992564201355e-03
2.265902906656265259e-01	9.446767717599868774e-02	1.105749681591987610e-01
2.120351195335388184e-01	4.773885384202003479e-02	1.859848797321319580e-01
1.761202961206436157e-01	-2.746930718421936035e-02	2.261739820241928101e-01
1.057403460144996643e-01	-8.093771338462829590e-02	2.514688372611999512e-01
1.246283426880836487e-01	-8.132304251194000244e-02	2.138613015413284302e-01
1.605078577995300293e-01	-1.069895625114440918e-01	1.934473365545272827e-01
2.572550177574157715e-01	-1.577621400356292725e-01	1.618165969848632812e-01
2.810897529125213623e-01	-2.086086124181747437e-01	1.823269277811050415e-01
2.456646114587783813e-01	-2.640282511711120605e-01	2.359397113323211670e-01
1.775041073560714722e-01	-2.863749861717224121e-01	3.071024417877197266e-01
1.244118064641952515e-01	-3.106700479984283447e-01	3.219310045242309570e-01
1.067484989762306213e-01	-2.804237902164459229e-01	3.124491572380065918e-01
9.885252267122268677e-02	-2.454328835010528564e-01	2.948721051216125488e-01
6.728773564100265503e-02	-2.192537039518356323e-01	3.009233772754669189e-01
3.094500303268432617e-02	-2.000449895858764648e-01	2.906291782855987549e-01
1.203784346580505371e-02	-1.678511202335357666e-01	2.700913250446319580e-01
-1.061833649873733521e-02	-1.206176280975341797e-01	2.550258934497833252e-01
-3.017555549740791321e-02	-1.031688302755355835e-01	2.637895643711090088e-01
-6.938308011740446091e-03	-6.739822030067443848e-02	2.545633614063262939e-01
5.194761324673891068e-03	-3.975640609860420227e-02	2.310310900211334229e-01
2.360246516764163971e-02	3.255515173077583313e-02	2.023331820964813232e-01
-3.141227411106228828e-03	4.369151592254638672e-02	1.977221965789794922e-01
2.730597183108329773e-02	4.024713486433029175e-02	1.896569281816482544e-01
7.403605431318283081e-02	6.542245857417583466e-03	2.089021354913711548e-01
1.397011429071426392e-01	-9.587397798895835876e-03	2.031520009040832520e-01
1.889005750417709351e-01	-1.276588253676891327e-02	1.995755434036254883e-01
2.430388629436492920e-01	2.087030746042728424e-02	1.914969533681869507e-01
3.071517944335937500e-01	9.488187730312347412e-02	2.235833406448364258e-01
3.609281480312347412e-01	1.703914403915405273e-01	2.571239173412322998e-01
4.019074440002441406e-01	2.115578651428222656e-01	2.535764873027801514e-01
3.919968307018280029e-01	2.357274591922760010e-01	2.213589102029800415e-01
3.529586791992187500e-01	2.606703937053680420e-01	1.253230869770050049e-01
2.988719940185546875e-01	2.480895072221755981e-01	4.057225584983825684e-02
2.608048617839813232e-01	2.326124906539916992e-01	-1.594233699142932892e-02
2.485616207122802734e-01	1.986743360757827759e-01	8.751193992793560028e-03
2.668775022029876709e-01	1.994782537221908569e-01	7.030261307954788208e-02
3.047594428062438965e-01	2.103779613971710205e-01	1.121140420436859131e-01
3.367182910442352295e-01	1.881072968244552612e-01	1.295254081487655640e-01
3.553894162178039551e-01	1.483297049999237061e-01	1.673299223184585571e-01
3.331856131553649902e-01	1.035200804471969604e-01	2.134700864553451538e-01
3.124831616878509521e-01	9.482477605342864990e-02	1.856120973825454712e-01
2.793113887310028076e-01	8.297327160835266113e-02	1.420451402664184570e-01
2.886386811733245850e-01	7.374826818704605103e-02	1.383041143417358398e-01
3.052902221679687500e-01	1.619869843125343323e-02	1.861558258533477783e-01
2.874951362609863281e-01	-2.566335722804069519e-02	2.493139058351516724e-01
2.510812580585479736e-01	-4.642026126384735107e-02	2.869659960269927979e-01
2.509703636169433594e-01	-2.808341383934020996e-02	3.338357806205749512e-01
2.529562711715698242e-01	-2.425958774983882904e-02	3.574095964431762695e-01
2.290271520614624023e-01	-4.822760820388793945e-02	3.669643402099609375e-01
1.747456789016723633e-01	-1.913057826459407806e-02	3.585677742958068848e-01
1.147242709994316101e-01	2.883472852408885956e-02	3.198152482509613037e-01
9.133543074131011963e-02	9.528679400682449341e-02	2.696318328380584717e-01
6.243631243705749512e-02	1.398958265781402588e-01	2.147579044103622437e-01
5.033376440405845642e-02	1.643625199794769287e-01	1.607048064470291138e-01
-1.100770430639386177e-03	1.120117008686065674e-01	1.081057786941528320e-01
-5.420085787773132324e-02	3.755539655685424805e-02	7.845023274421691895e-02
-1.111400574445724487e-01	-8.547477424144744873e-03	3.605574369430541992e-02
-1.434430181980133057e-01	1.277605164796113968e-02	8.651978336274623871e-03
-1.579779535531997681e-01	7.680568844079971313e-02	-5.193810909986495972e-02
-1.533460915088653564e-01	1.534272432327270508e-01	-7.526854425668716431e-02
-1.288635879755020142e-01	1.677023619413375854e-01	-9.561027586460113525e-02
-1.419970691204071045e-01	1.405284553766250610e-01	-5.924094095826148987e-02
-1.552579849958419800e-01	1.131546348333358765e-01	-4.435143619775772095e-02
-1.100174933671951294e-01	7.302840799093246460e-02	-3.422369807958602905e-02
-1.762595586478710175e-02	6.144534796476364136e-02	-1.700917072594165802e-02
5.630542337894439697e-02	5.814408138394355774e-02	-7.414607796818017960e-03
6.842172890901565552e-02	8.385787904262542725e-02	1.561344414949417114e-02
9.970790147781372070e-02	1.189812421798706055e-01	5.770280957221984863e-02
1.320602148771286011e-01	1.441242694854736328e-01	1.795619726181030273e-01
2.075200229883193970e-01	1.762703061103820801e-01	2.553983032703399658e-01
2.660662829875946045e-01	1.424165815114974976e-01	3.052891790866851807e-01
2.918078899383544922e-01	1.171402409672737122e-01	2.780832946300506592e-01
3.028299808502197266e-01	6.671895831823348999e-02	2.777222096920013428e-01
3.217490315437316895e-01	1.874184608459472656e-02	2.838190495967864990e-01
3.247640728950500488e-01	-7.995037361979484558e-03	3.045121729373931885e-01
1.446106433868408203e-01	-3.699686750769615173e-02	2.202823162078857422e-01
5.892510712146759033e-02	-3.512227907776832581e-02	1.493363231420516968e-01
1.900437287986278534e-02	-2.576283179223537445e-02	1.001766249537467957e-01
2.167652361094951630e-03	-1.696106791496276855e-02	6.530333310365676880e-02
4.069004580378532410e-02	-3.902344405651092529e-02	8.572571724653244019e-02
7.690545171499252319e-02	-4.373422637581825256e-02	9.442116320133209229e-02
9.435627609491348267e-02	-5.595193803310394287e-02	9.238678216934204102e-02
8.245371282100677490e-02	-5.317512154579162598e-02	1.325208842754364014e-01
6.697838008403778076e-02	-6.954777240753173828e-02	1.843902766704559326e-01
2.352772466838359833e-02	-1.186634078621864319e-01	2.948819696903228760e-01
-1.163978828117251396e-03	-1.524842977523803711e-01	3.898179829120635986e-01
-1.749237271724268794e-04	-1.549412161111831665e-01	4.401565194129943848e-01
5.291038658469915390e-03	-1.255904287099838257e-01	4.596346020698547363e-01
2.074758894741535187e-02	-1.629623174667358398e-01	4.600881636142730713e-01
1.195689779706299305e-03	-2.143781036138534546e-01	4.581985473632812500e-01
-2.096677199006080627e-02	-2.462201118469238281e-01	4.425598382949829102e-01
-8.203950524330139160e-02	-2.344663590192794800e-01	4.570655822753906250e-01
-1.102308332920074463e-01	-1.674982756376266479e-01	4.369754791259765625e-01
-1.001537442207336426e-01	-1.302713453769683838e-01	3.978357613086700439e-01
-6.376495957374572754e-02	-1.016852483153343201e-01	3.333509862422943115e-01
-8.548077940940856934e-02	-4.920541495084762573e-02	3.379380702972412109e-01
-8.960877358913421631e-02	4.315065592527389526e-02	3.502961993217468262e-01
-5.340402573347091675e-02	8.581072837114334106e-02	3.961371481418609619e-01
3.432115912437438965e-02	1.527144163846969604e-01	4.432398676872253418e-01
1.168083995580673218e-01	2.122094929218292236e-01	4.219850897789001465e-01
1.791819036006927490e-01	2.429128587245941162e-01	3.123593330383300781e-01
1.994668394327163696e-01	2.281719893217086792e-01	1.940765231847763062e-01
2.169002741575241089e-01	1.990194320678710938e-01	1.115709617733955383e-01
2.506871223449707031e-01	2.202094644308090210e-01	4.904950410127639771e-02
2.809911370277404785e-01	2.055317461490631104e-01	-4.458128288388252258e-02
2.781560122966766357e-01	1.940617114305496216e-01	-1.244759932160377502e-01
2.624526321887969971e-01	2.125252932310104370e-01	-1.227098554372787476e-01
2.478428333997726440e-01	2.126566022634506226e-01	-1.404915302991867065e-01
2.823757529258728027e-01	1.443676054477691650e-01	-1.360550224781036377e-01
2.860335707664489746e-01	9.962120652198791504e-02	-1.062032431364059448e-01
2.921550869941711426e-01	8.579128980636596680e-02	-6.856605410575866699e-02
2.778161168098449707e-01	6.718940287828445435e-02	-1.447231974452733994e-02
2.783102095127105713e-01	4.603497684001922607e-02	1.115971710532903671e-02
2.773143351078033447e-01	5.033319443464279175e-02	4.238356277346611023e-02
2.999726533889770508e-01	1.007719710469245911e-01	6.113859638571739197e-02
2.907939851284027100e-01	1.303997635841369629e-01	7.135047018527984619e-02
2.390742301940917969e-01	8.735954761505126953e-02	1.775051280856132507e-02
9.179132431745529175e-02	1.148839201778173447e-02	-6.143628805875778198e-02
-4.377197846770286560e-02	-2.793981134891510010e-02	-1.217754483222961426e-01
-1.376756429672241211e-01	-9.266090393066406250e-02	-1.773395091295242310e-01
-1.781090497970581055e-01	-9.650828689336776733e-02	-2.113983929157257080e-01
-2.088134288787841797e-01	-1.010242626070976257e-01	-2.295919507741928101e-01
-2.365084141492843628e-01	-9.203114360570907593e-02	-2.262109369039535522e-01
-2.210664153099060059e-01	-1.205962821841239929e-01	-2.447264343500137329e-01
-1.812088638544082642e-01	-1.513798087835311890e-01	-2.911644279956817627e-01
-1.387294828891754150e-01	-1.480388641357421875e-01	-3.063956201076507568e-01
-1.060319468379020691e-01	-9.694896638393402100e-02	-2.826293706893920898e-01
-8.720448613166809082e-02	-6.622494757175445557e-02	-2.726687490940093994e-01
-5.266191810369491577e-02	3.262567892670631409e-02	-1.732605397701263428e-01
-4.176610708236694336e-02	7.499754428863525391e-02	-9.442488104104995728e-02
-7.919055409729480743e-03	8.221647143363952637e-02	-8.006031811237335205e-02
8.069579489529132843e-03	8.046678453683853149e-02	-6.277912110090255737e-02
-1.059046108275651932e-02	5.733088776469230652e-02	-5.364740267395973206e-02
-6.573265045881271362e-02	2.227480337023735046e-02	-2.206099219620227814e-02
-1.216814517974853516e-01	-1.514561288058757782e-02	-2.591767534613609314e-02
-1.898248493671417236e-01	-2.433668635785579681e-02	-3.704130277037620544e-02
-3.038055896759033203e-01	-1.691320212557911873e-03	-3.724270686507225037e-02
-4.126055240631103516e-01	1.654957421123981476e-02	-4.090821370482444763e-02
-4.374520182609558105e-01	-3.216547425836324692e-03	-6.127806752920150757e-02
-4.391638636589050293e-01	1.022332813590764999e-02	-1.085227131843566895e-01
-3.618313372135162354e-01	3.676074370741844177e-02	-1.270060092210769653e-01
-3.128995299339294434e-01	5.442479997873306274e-02	-1.845955997705459595e-01
-2.547403872013092041e-01	5.297075957059860229e-02	-2.040569782257080078e-01
-2.423063665628433228e-01	5.731911584734916687e-02	-1.570737510919570923e-01
-2.204093039035797119e-01	9.695225954055786133e-02	-5.262746289372444153e-02
-1.804812401533126831e-01	1.018733382225036621e-01	1.150498352944850922e-02
-1.413461565971374512e-01	1.119143143296241760e-01	4.570914059877395630e-02
-9.224504977464675903e-02	9.303601086139678955e-02	6.641744077205657959e-02
-7.469110935926437378e-02	6.361620873212814331e-02	1.101996228098869324e-01
-7.683377712965011597e-02	2.635275945067405701e-02	1.336614042520523071e-01
-9.560021013021469116e-02	-3.036943031474947929e-03	1.032649502158164978e-01
-1.217889040708541870e-01	-6.355710327625274658e-02	6.596247106790542603e-02
-1.248322650790214539e-01	-1.461641639471054077e-01	3.609202802181243896e-02
-1.090169996023178101e-01	-1.709347814321517944e-01	3.109314106404781342e-02
-1.229143366217613220e-01	-1.771083325147628784e-01	4.486635699868202209e-02
-1.482753902673721313e-01	-1.528020352125167847e-01	1.095325276255607605e-01
-1.403876394033432007e-01	-1.804908215999603271e-01	1.806440502405166626e-01
-1.183469966053962708e-01	-2.138179689645767212e-01	2.641881108283996582e-01
-5.193201079964637756e-02	-2.208532989025115967e-01	3.028092980384826660e-01
4.171541891992092133e-03	-2.151700705289840698e-01	3.289137184619903564e-01
8.550137281417846680e-02	-1.722312271595001221e-01	3.406712710857391357e-01
1.108182072639465332e-01	-1.793261170387268066e-01	3.301965296268463135e-01
1.032417640089988708e-01	-2.031484693288803101e-01	3.361822962760925293e-01
9.400886297225952148e-02	-2.453452646732330322e-01	3.602951765060424805e-01
9.315866976976394653e-02	-2.784646153450012207e-01	3.975151777267456055e-01
1.127060428261756897e-01	-2.711891233921051025e-01	4.147987663745880127e-01
1.444329321384429932e-01	-2.784945368766784668e-01	4.395149648189544678e-01
1.501405686140060425e-01	-2.807815670967102051e-01	4.453960657119750977e-01
1.436277329921722412e-01	-3.055893480777740479e-01	5.210104584693908691e-01
1.506394147872924805e-01	-3.393790125846862793e-01	5.699383020401000977e-01
1.689083874225616455e-01	-3.822156190872192383e-01	5.588839054107666016e-01
1.974342763423919678e-01	-4.121748507022857666e-01	5.228471755981445312e-01
1.842466592788696289e-01	-3.750609457492828369e-01	5.037890076637268066e-01
1.513901352882385254e-01	-2.944474518299102783e-01	5.028965473175048828e-01
8.545638620853424072e-02	-1.793977916240692139e-01	4.955816864967346191e-01
5.304453894495964050e-02	-1.588385701179504395e-01	4.384886622428894043e-01
7.155606895685195923e-02	-1.533922404050827026e-01	3.690111041069030762e-01
1.165957972407341003e-01	-1.927904933691024780e-01	3.492201566696166992e-01
1.345073431730270386e-01	-2.192603647708892822e-01	3.541955649852752686e-01
1.322069168090820312e-01	-2.566464841365814209e-01	3.532742857933044434e-01
1.011868566274642944e-01	-2.390683442354202271e-01	3.405834734439849854e-01
8.122121542692184448e-02	-1.929687708616256714e-01	3.413924872875213623e-01
7.306902855634689331e-02	-1.832058578729629517e-01	3.252403438091278076e-01
7.179888337850570679e-02	-2.152297198772430420e-01	3.395315408706665039e-01
5.176784098148345947e-02	-3.167620599269866943e-01	3.275277018547058105e-01
1.296142302453517914e-02	-3.640473484992980957e-01	3.417142927646636963e-01
-4.273012652993202209e-02	-3.723431825637817383e-01	3.557829856872558594e-01
-8.048564940690994263e-02	-2.949326932430267334e-01	3.413359224796295166e-01
-7.146749645471572876e-02	-2.472881972789764404e-01	3.272513151168823242e-01
-1.449959352612495422e-02	-2.084440737962722778e-01	2.991308271884918213e-01
4.088886827230453491e-02	-1.910355091094970703e-01	2.950779497623443604e-01
8.109915256500244141e-02	-1.854539066553115845e-01	3.209412097930908203e-01
1.034264490008354187e-01	-1.549085676670074463e-01	3.074013292789459229e-01
1.230752319097518921e-01	-1.263649910688400269e-01	3.032027781009674072e-01
1.033257767558097839e-01	-1.193059608340263367e-01	2.888497114181518555e-01
7.032487541437149048e-02	-1.013007834553718567e-01	3.174234032630920410e-01
4.369937255978584290e-02	-9.650322049856185913e-02	2.962934672832489014e-01
3.487605601549148560e-02	-1.426232159137725830e-01	3.013541996479034424e-01
3.344312310218811035e-02	-1.881772875785827637e-01	2.950371205806732178e-01
7.026483654044568539e-04	-2.217774391174316406e-01	3.314586579799652100e-01
-1.571179367601871490e-02	-2.170222103595733643e-01	3.714047074317932129e-01
-6.362263113260269165e-03	-2.057774662971496582e-01	3.924587070941925049e-01
6.275112926959991455e-02	-2.036275714635848999e-01	4.408005774021148682e-01
1.268097162246704102e-01	-1.944963335990905762e-01	4.493997991085052490e-01
1.716403067111968994e-01	-1.945440620183944702e-01	4.587949514389038086e-01
2.095844149589538574e-01	-2.137180417776107788e-01	4.549777805805206299e-01
2.325410395860671997e-01	-2.275123894214630127e-01	5.227960944175720215e-01
2.501854896545410156e-01	-2.166022211313247681e-01	5.795922875404357910e-01
2.066401988267898560e-01	-1.474814265966415405e-01	6.664945483207702637e-01
1.258921772241592407e-01	-5.987743288278579712e-02	6.924850940704345703e-01
1.042181849479675293e-01	-2.254693955183029175e-02	7.110924124717712402e-01
1.385857611894607544e-01	-6.652214098721742630e-03	7.107761502265930176e-01
1.613354384899139404e-01	-5.724017508327960968e-03	7.079043388366699219e-01
1.527208238840103149e-01	-1.906596496701240540e-02	6.549108624458312988e-01
1.261072754859924316e-01	-5.897019803524017334e-02	5.718250274658203125e-01
1.550297588109970093e-01	-1.307590156793594360e-01	5.290167331695556641e-01
1.710822433233261108e-01	-1.889736056327819824e-01	5.178012251853942871e-01
1.118129193782806396e-01	-2.395513206720352173e-01	5.006797313690185547e-01
3.824080899357795715e-02	-2.727924883365631104e-01	4.813565015792846680e-01
-4.981445521116256714e-02	-2.634912133216857910e-01	4.638395607471466064e-01
-1.136622875928878784e-01	-2.469917684793472290e-01	4.705592691898345947e-01
-1.470587402582168579e-01	-2.196650654077529907e-01	4.734906554222106934e-01
-1.561290770769119263e-01	-2.110909223556518555e-01	5.004732608795166016e-01
-1.451247632503509521e-01	-1.707352697849273682e-01	4.944162964820861816e-01
-4.211720451712608337e-02	-3.599530458450317383e-02	5.243287682533264160e-01
1.044303700327873230e-01	8.777239918708801270e-02	5.103020071983337402e-01
2.512237727642059326e-01	1.839778423309326172e-01	4.997074007987976074e-01
3.543938100337982178e-01	2.406454831361770630e-01	4.473808109760284424e-01
3.571991026401519775e-01	2.552711069583892822e-01	3.803857266902923584e-01
3.459145426750183105e-01	2.480413168668746948e-01	2.769216299057006836e-01
3.194935917854309082e-01	2.409329861402511597e-01	2.137939333915710449e-01
3.159928321838378906e-01	2.553677558898925781e-01	1.821507066488265991e-01
3.012096583843231201e-01	2.657073736190795898e-01	1.712031811475753784e-01
2.945113778114318848e-01	3.078887164592742920e-01	1.306531578302383423e-01
3.263408243656158447e-01	2.375557124614715576e-01	9.005565196275711060e-02
3.536913692951202393e-01	1.955738067626953125e-01	5.392337590456008911e-02
3.982730209827423096e-01	1.364164203405380249e-01	4.116348922252655029e-02
4.499422907829284668e-01	1.071255803108215332e-01	3.638581931591033936e-02
4.573744833469390869e-01	8.289112895727157593e-02	3.883415088057518005e-02
4.392050504684448242e-01	6.781118363142013550e-02	4.212968423962593079e-02
4.229504168033599854e-01	4.770657047629356384e-02	5.362460762262344360e-02
3.985105752944946289e-01	7.548503577709197998e-02	6.229909881949424744e-02
3.706459999084472656e-01	1.631544828414916992e-01	9.966171532869338989e-02
3.600180745124816895e-01	1.998926401138305664e-01	7.117062807083129883e-02
3.802476227283477783e-01	2.659417688846588135e-01	8.457721024751663208e-02
4.022757112979888916e-01	2.965368330478668213e-01	6.600210070610046387e-02
4.299186170101165771e-01	3.416086137294769287e-01	7.739325612783432007e-02
4.597549736499786377e-01	3.389090001583099365e-01	5.167950317263603210e-02
4.372083544731140137e-01	3.309596776962280273e-01	1.434821262955665588e-02
3.709673285484313965e-01	3.504284918308258057e-01	3.597167087718844414e-03
3.463336825370788574e-01	2.862830162048339844e-01	-5.258529447019100189e-03
2.794048190116882324e-01	1.463725566864013672e-01	1.351822819560766220e-02
2.297266870737075806e-01	4.970319569110870361e-02	6.322179734706878662e-02
1.783787757158279419e-01	1.534740161150693893e-02	7.840374857187271118e-02
1.454188823699951172e-01	1.481313072144985199e-02	9.636542946100234985e-02
1.353509277105331421e-01	-8.503680583089590073e-04	7.617893815040588379e-02
1.426294296979904175e-01	-4.541928693652153015e-02	2.469653822481632233e-02
1.476346850395202637e-01	-5.435383692383766174e-02	-1.979513466358184814e-02
1.493638455867767334e-01	-8.579677343368530273e-02	-9.518656134605407715e-02
1.068565398454666138e-01	-5.043261870741844177e-02	-5.143823102116584778e-02
6.358638405799865723e-02	-1.529580913484096527e-02	-1.221204269677400589e-02
2.874694205820560455e-02	1.511160656809806824e-02	-2.172434888780117035e-02
1.227138284593820572e-02	2.847732603549957275e-02	-1.007619351148605347e-01
4.771685972809791565e-02	3.556764498353004456e-02	-1.738636791706085205e-01
8.783312141895294189e-02	8.224137127399444580e-02	-1.717485636472702026e-01
9.763697534799575806e-02	1.246221289038658142e-01	-1.094963252544403076e-01
9.375841170549392700e-02	1.491920053958892822e-01	2.122011221945285797e-02
1.040630340576171875e-01	1.731848865747451782e-01	9.966930747032165527e-02
1.293362379074096680e-01	1.776696741580963135e-01	1.313858181238174438e-01
1.696080565452575684e-01	2.236193865537643433e-01	1.647308617830276489e-01
2.049985080957412720e-01	2.416739612817764282e-01	1.738175451755523682e-01
2.134739309549331665e-01	2.444217056035995483e-01	1.839125752449035645e-01
2.151281833648681641e-01	2.324054837226867676e-01	1.643602102994918823e-01
1.866920441389083862e-01	2.183461487293243408e-01	1.651729643344879150e-01
1.722766160964965820e-01	2.080376893281936646e-01	1.789117008447647095e-01
1.676016449928283691e-01	2.129251360893249512e-01	1.987930536270141602e-01
1.426636278629302979e-01	1.751036196947097778e-01	2.165162265300750732e-01
1.183069348335266113e-01	1.493072509765625000e-01	2.216845601797103882e-01
1.091615185141563416e-01	9.252516180276870728e-02	1.992186605930328369e-01
1.202500462532043457e-01	9.332027286291122437e-02	1.558560431003570557e-01
1.637001633644104004e-01	9.487602859735488892e-02	1.003568172454833984e-01
1.912532299757003784e-01	9.943778067827224731e-02	6.051757559180259705e-02
2.318095713853836060e-01	4.656310752034187317e-02	-1.625579409301280975e-02
2.323386073112487793e-01	-1.002293173223733902e-02	-7.002904266119003296e-02
2.473271489143371582e-01	-3.654579073190689087e-02	-8.235473185777664185e-02
2.398608326911926270e-01	-3.029846772551536560e-02	-4.057253152132034302e-02
1.787263453006744385e-01	2.628790959715843201e-02	5.206279456615447998e-02
1.457753628492355347e-01	6.818880885839462280e-02	1.546109765768051147e-01
1.237911507487297058e-01	1.153236925601959229e-01	2.051080912351608276e-01
1.609514951705932617e-01	1.423741281032562256e-01	2.475838661193847656e-01
1.733076274394989014e-01	1.702640503644943237e-01	2.744139730930328369e-01
1.829068809747695923e-01	1.856025904417037964e-01	2.599971294403076172e-01
1.834522187709808350e-01	1.938397288322448730e-01	2.545388638973236084e-01
1.862905621528625488e-01	1.832027733325958252e-01	2.214693427085876465e-01
2.356770634651184082e-01	9.780731797218322754e-02	2.707158625125885010e-01
2.483013570308685303e-01	4.163449257612228394e-02	2.979006171226501465e-01
2.399662137031555176e-01	2.819147147238254547e-02	3.456499874591827393e-01
1.832274645566940308e-01	4.161500185728073120e-02	3.475525081157684326e-01
1.376367658376693726e-01	6.915172189474105835e-02	3.352661132812500000e-01
1.573467552661895752e-01	1.332048624753952026e-01	3.236265182495117188e-01
2.266090214252471924e-01	1.771948635578155518e-01	3.039761185646057129e-01
2.826671004295349121e-01	1.531026214361190796e-01	2.858252525329589844e-01
3.326634764671325684e-01	7.640535384416580200e-02	2.799718677997589111e-01
3.562463819980621338e-01	1.417900249361991882e-02	2.613249421119689941e-01
3.752011358737945557e-01	-5.665666982531547546e-02	2.511166036128997803e-01
3.622536957263946533e-01	-9.974813461303710938e-02	2.713610529899597168e-01
3.253401517868041992e-01	-1.466416865587234497e-01	3.111255466938018799e-01
2.828158736228942871e-01	-1.475397795438766479e-01	3.431588411331176758e-01
2.479809075593948364e-01	-1.417786926031112671e-01	3.395013809204101562e-01
2.548478841781616211e-01	-6.800539046525955200e-02	2.634704113006591797e-01
2.435762435197830200e-01	-2.851206436753273010e-02	1.464893519878387451e-01
2.294500023126602173e-01	1.384053193032741547e-02	1.408445928245782852e-02
1.886927187442779541e-01	4.515691474080085754e-02	-6.066101416945457458e-02
1.973658651113510132e-01	8.920513838529586792e-02	-1.117098852992057800e-01
2.223002463579177856e-01	1.188457384705543518e-01	-1.773147881031036377e-01
2.563726902008056641e-01	1.297821402549743652e-01	-2.452358454465866089e-01
2.458396255970001221e-01	1.194614097476005554e-01	-2.837457358837127686e-01
2.401082217693328857e-01	1.253733932971954346e-01	-3.201309740543365479e-01
2.597551047801971436e-01	1.293122321367263794e-01	-3.422421813011169434e-01
3.702951371669769287e-01	1.672169566154479980e-01	-3.700944781303405762e-01
4.630022644996643066e-01	2.020728439092636108e-01	-3.971365392208099365e-01
4.382193982601165771e-01	2.076588273048400879e-01	-4.295533001422882080e-01
3.586060106754302979e-01	1.926773041486740112e-01	-4.597451984882354736e-01
2.714889049530029297e-01	2.011476904153823853e-01	-4.478797018527984619e-01
1.672399491071701050e-01	2.240003496408462524e-01	-4.478977918624877930e-01
1.717288792133331299e-01	2.950763404369354248e-01	-3.855631947517395020e-01
2.269556820392608643e-01	3.526520431041717529e-01	-3.373351693153381348e-01
2.795310616493225098e-01	3.224611580371856689e-01	-2.922055125236511230e-01
2.972235083580017090e-01	2.969881892204284668e-01	-2.704616189002990723e-01
3.150438666343688965e-01	2.999949157238006592e-01	-2.693336308002471924e-01
3.217570483684539795e-01	2.757950425148010254e-01	-2.595802247524261475e-01
3.002348840236663818e-01	1.970446556806564331e-01	-2.673445940017700195e-01
2.291305661201477051e-01	1.499210745096206665e-01	-2.964404225349426270e-01
1.714756190776824951e-01	1.007109880447387695e-01	-3.340806066989898682e-01
1.111576855182647705e-01	7.965940237045288086e-02	-3.856469988822937012e-01
5.532233417034149170e-02	8.346268534660339355e-02	-4.111995398998260498e-01
1.758002763381227851e-04	9.405739605426788330e-02	-3.924190402030944824e-01
-1.704434677958488464e-02	7.976208627223968506e-02	-2.908854186534881592e-01
-9.078546427190303802e-03	2.430653758347034454e-02	-1.873372793197631836e-01
3.257784526795148849e-03	-7.643523812294006348e-02	-4.970477893948554993e-02
-5.049451068043708801e-02	-1.245915442705154419e-01	5.161678791046142578e-02
-1.360020190477371216e-01	-9.484743326902389526e-02	1.391220688819885254e-01
-1.920012831687927246e-01	-7.810981571674346924e-02	1.847116053104400635e-01
-2.078032791614532471e-01	-5.463720113039016724e-02	2.166564017534255981e-01
-1.919902414083480835e-01	-2.857042662799358368e-02	2.480205893516540527e-01
-1.664370745420455933e-01	2.005996368825435638e-02	2.600058913230895996e-01
-1.405733525753021240e-01	3.276411443948745728e-02	2.754923999309539795e-01
-1.523522585630416870e-01	-2.172101102769374847e-02	2.695312500000000000e-01
-1.138509064912796021e-01	-1.258723288774490356e-01	2.937475144863128662e-01
-1.137256622314453125e-01	-1.678630262613296509e-01	3.351564109325408936e-01
-5.042701214551925659e-02	-1.785990893840789795e-01	4.066086709499359131e-01
-7.211025059223175049e-02	-1.547193080186843872e-01	4.506508708000183105e-01
-9.108274430036544800e-02	-1.388217359781265259e-01	4.464867115020751953e-01
-1.603814065456390381e-01	-1.361519396305084229e-01	3.891257643699645996e-01
-1.979337185621261597e-01	-1.043018251657485962e-01	3.149883449077606201e-01
-1.780450642108917236e-01	-1.270698904991149902e-01	2.056776285171508789e-01
-2.033149003982543945e-01	-7.477817684412002563e-02	1.297362595796585083e-01
-2.063245475292205811e-01	-1.157487183809280396e-01	4.550199583172798157e-02
-2.676135897636413574e-01	-1.183892264962196350e-01	-2.947167493402957916e-02
-2.953990697860717773e-01	-1.186598241329193115e-01	-4.027456045150756836e-02
-2.482709437608718872e-01	-1.361456364393234253e-01	-3.695209324359893799e-02
-2.045158743858337402e-01	-1.766285151243209839e-01	1.142400410026311874e-02
-1.649896800518035889e-01	-1.740411370992660522e-01	5.254083871841430664e-02
-1.495850682258605957e-01	-1.827578991651535034e-01	1.196453049778938293e-01
-1.117302998900413513e-01	-7.746874541044235229e-02	1.064036488533020020e-01
-7.021837681531906128e-02	-3.122444450855255127e-02	7.516910135746002197e-02
-4.148646071553230286e-02	-1.253666821867227554e-02	4.655383527278900146e-02
-2.393856272101402283e-02	-4.970639944076538086e-03	2.571509405970573425e-02
3.153453394770622253e-02	5.772966542281210423e-04	3.652603924274444580e-02
1.357641164213418961e-02	-3.285404760390520096e-03	1.949481479823589325e-02
4.630276001989841461e-03	-3.182861022651195526e-03	9.575827047228813171e-03
4.216412489768117666e-04	-2.140664728358387947e-03	2.977552358061075211e-03
-5.474429205060005188e-02	2.915814518928527832e-02	-7.306989282369613647e-02
-7.541910558938980103e-02	4.515607282519340515e-02	-1.509305983781814575e-01
-3.282388299703598022e-02	6.846924126148223877e-02	-2.400757670402526855e-01
4.363533854484558105e-02	7.036411762237548828e-02	-3.293158113956451416e-01
1.201178953051567078e-01	8.929862082004547119e-02	-4.090368449687957764e-01
1.801182180643081665e-01	4.933364689350128174e-02	-4.810620546340942383e-01
2.277763783931732178e-01	-4.915685858577489853e-03	-5.107912421226501465e-01
2.275522500276565552e-01	-7.114873826503753662e-02	-5.005700588226318359e-01
1.647617220878601074e-01	-9.431195259094238281e-02	-4.309082031250000000e-01
8.745963871479034424e-02	-8.467969298362731934e-02	-3.661971688270568848e-01
2.472073212265968323e-02	-6.194389984011650085e-02	-3.283497691154479980e-01
4.654407128691673279e-02	6.550842896103858948e-03	-3.264425396919250488e-01
1.105620488524436951e-01	5.084920674562454224e-02	-3.420271277427673340e-01
1.710474938154220581e-01	6.179261207580566406e-02	-3.581027686595916748e-01
2.150504440069198608e-01	8.811387419700622559e-02	-3.994442522525787354e-01
2.501503527164459229e-01	1.016602814197540283e-01	-4.227469563484191895e-01
2.554285824298858643e-01	1.289253234863281250e-01	-4.515566229820251465e-01
2.503364384174346924e-01	1.894606202840805054e-01	-4.765720963478088379e-01
2.261313199996948242e-01	2.359038293361663818e-01	-5.122468471527099609e-01
1.996795833110809326e-01	2.464879006147384644e-01	-5.547083020210266113e-01
1.625303179025650024e-01	2.495948821306228638e-01	-5.744784474372863770e-01
7.140584290027618408e-02	2.310554981231689453e-01	-5.556877851486206055e-01
6.709645036607980728e-03	2.246814519166946411e-01	-4.455349743366241455e-01
-7.875154912471771240e-02	2.199042737483978271e-01	-3.790875077247619629e-01
-1.095453351736068726e-01	2.397580295801162720e-01	-3.218504786491394043e-01
-1.328060328960418701e-01	2.419179081916809082e-01	-2.988768517971038818e-01
-1.590611338615417480e-01	2.419407069683074951e-01	-2.935334444046020508e-01
-1.385971754789352417e-01	2.251812368631362915e-01	-3.632112145423889160e-01
-9.599272906780242920e-02	2.247270941734313965e-01	-3.994730114936828613e-01
-5.502766370773315430e-02	2.274523228406906128e-01	-3.873292207717895508e-01
-5.973046645522117615e-02	2.432381063699722290e-01	-3.641043901443481445e-01
-7.164429128170013428e-02	2.483810037374496460e-01	-3.492788970470428467e-01
-6.009401381015777588e-02	2.133216559886932373e-01	-3.805676996707916260e-01
-4.659358039498329163e-02	1.802563667297363281e-01	-4.054247736930847168e-01
-9.611306339502334595e-02	1.614461094141006470e-01	-4.575984776020050049e-01
-1.149614825844764709e-01	1.156402081251144409e-01	-5.209839344024658203e-01
-1.114871278405189514e-01	9.172472357749938965e-02	-5.486923456192016602e-01
-9.483040124177932739e-02	8.865077793598175049e-02	-5.235309004783630371e-01
-1.312351077795028687e-01	1.099796593189239502e-01	-4.706526994705200195e-01
-1.369246095418930054e-01	1.170805543661117554e-01	-4.212562143802642822e-01
-1.079366728663444519e-01	1.346472799777984619e-01	-3.876776397228240967e-01
-3.540289029479026794e-02	1.690182536840438843e-01	-3.625474274158477783e-01
1.385793741792440414e-02	1.643507331609725952e-01	-3.503434956073760986e-01
5.961405113339424133e-02	1.350226700305938721e-01	-3.553979992866516113e-01
6.521469354629516602e-02	8.960184454917907715e-02	-3.339122831821441650e-01
5.383126065135002136e-02	5.173169076442718506e-02	-3.300736248493194580e-01
1.313173472881317139e-01	1.486497465521097183e-02	-3.628341257572174072e-01
1.959566473960876465e-01	2.986938506364822388e-02	-4.003379344940185547e-01
1.906534284353256226e-01	5.712512880563735962e-02	-4.136259257793426514e-01
1.596720963716506958e-01	8.609483391046524048e-02	-4.408157467842102051e-01
1.190425530076026917e-01	7.903877645730972290e-02	-4.553137421607971191e-01
1.440118402242660522e-01	2.572631463408470154e-02	-5.006170272827148438e-01
1.515229493379592896e-01	-2.036656998097896576e-02	-5.057193040847778320e-01
1.265653967857360840e-01	-3.041432611644268036e-02	-4.499443471431732178e-01
7.725688070058822632e-02	-5.888418108224868774e-02	-3.517915904521942139e-01
-4.350820556282997131e-02	-5.527728423476219177e-02	-1.912573277950286865e-01
-1.345841586589813232e-01	-4.939673840999603271e-02	-6.728756427764892578e-02
-1.330869644880294800e-01	-4.342687129974365234e-02	1.301041711121797562e-02
-8.384029567241668701e-02	-3.504259139299392700e-02	-9.789169766008853912e-03
-2.755452319979667664e-02	-1.552220247685909271e-02	-4.623234644532203674e-02
1.553610712289810181e-02	1.626754179596900940e-03	-1.151216477155685425e-01
2.774942666292190552e-02	-4.308395553380250931e-03	-1.749491393566131592e-01
1.806152053177356720e-02	-3.195395693182945251e-02	-2.319876998662948608e-01
-2.331124851480126381e-03	-4.736767336726188660e-02	-2.825983166694641113e-01
-2.099390700459480286e-02	-9.136086702346801758e-02	-3.155848383903503418e-01
-5.928602814674377441e-02	-1.284938901662826538e-01	-3.315026164054870605e-01
-1.445426493883132935e-01	-1.615572571754455566e-01	-2.974713742733001709e-01
-2.080447375774383545e-01	-1.622941941022872925e-01	-2.437148541212081909e-01
-2.179227024316787720e-01	-1.410314589738845825e-01	-1.733853369951248169e-01
-2.181245088577270508e-01	-1.543259471654891968e-01	-1.485017240047454834e-01
-1.667112410068511963e-01	-1.407649070024490356e-01	-1.475397348403930664e-01
-1.310365647077560425e-01	-1.431539505720138550e-01	-1.383860707283020020e-01
-8.384008705615997314e-02	-1.005509868264198303e-01	-1.270534843206405640e-01
-6.929517537355422974e-02	-7.151214778423309326e-02	-7.839651405811309814e-02
-5.227427184581756592e-02	-2.892366610467433929e-02	-2.051105350255966187e-02
-4.239312931895256042e-02	-5.651591345667839050e-03	8.447050303220748901e-02
-2.731160447001457214e-02	-1.130405720323324203e-02	1.616085320711135864e-01
-5.235064402222633362e-02	-2.314026234671473503e-03	2.116702049970626831e-01
-5.282153934240341187e-02	-2.338830148801207542e-03	2.302895635366439819e-01
-5.175945535302162170e-02	2.179502323269844055e-02	2.749044299125671387e-01
-4.808184877038002014e-02	-2.636290341615676880e-02	3.372234106063842773e-01
-3.858745098114013672e-02	-6.660999357700347900e-02	4.002635776996612549e-01
-3.623251244425773621e-02	-1.375573575496673584e-01	4.206223487854003906e-01
-3.394885733723640442e-02	-1.766863167285919189e-01	4.552165865898132324e-01
-6.112568452954292297e-02	-1.636859178543090820e-01	4.939241111278533936e-01
-1.083664149045944214e-01	-1.215516850352287292e-01	4.614580273628234863e-01
-1.421949416399002075e-01	-8.474581688642501831e-02	4.176903665065765381e-01
-1.189835295081138611e-01	-7.403949648141860962e-02	3.694938421249389648e-01
-1.254643499851226807e-01	-7.621879875659942627e-02	3.065516352653503418e-01
-1.204817071557044983e-01	-1.008361876010894775e-01	2.222205400466918945e-01
-1.353514343500137329e-01	-1.455686539411544800e-01	1.738464385271072388e-01
-1.539560258388519287e-01	-1.960617750883102417e-01	1.879125088453292847e-01
-1.948931664228439331e-01	-2.644415199756622314e-01	2.268207967281341553e-01
-2.234931290149688721e-01	-3.137865662574768066e-01	2.613853514194488525e-01
-2.360231131315231323e-01	-4.046337604522705078e-01	3.002143204212188721e-01
-2.237661927938461304e-01	-4.656358957290649414e-01	3.238040208816528320e-01
-2.048013508319854736e-01	-3.622654378414154053e-01	3.092516064643859863e-01
-1.833550781011581421e-01	-3.073796927928924561e-01	2.753621637821197510e-01
-1.926931440830230713e-01	-3.234421610832214355e-01	2.772633731365203857e-01
-2.174930572509765625e-01	-3.123873472213745117e-01	3.021641969680786133e-01
-2.393735051155090332e-01	-2.546946704387664795e-01	3.022924661636352539e-01
-2.116787135601043701e-01	-2.228095382452011108e-01	3.019411861896514893e-01
-1.584056466817855835e-01	-2.191523909568786621e-01	2.786378264427185059e-01
-1.023847013711929321e-01	-1.993032693862915039e-01	2.905057668685913086e-01
-9.226752817630767822e-02	-9.064804017543792725e-02	2.138256281614303589e-01
-6.413697451353073120e-02	-4.288008436560630798e-02	1.456738561391830444e-01
-4.130217805504798889e-02	-2.110377512872219086e-02	9.325309097766876221e-02
-2.585158497095108032e-02	-1.078907586634159088e-02	5.665245652198791504e-02
-1.616463065147399902e-02	-5.644404329359531403e-03	3.230689838528633118e-02
-1.030585169792175293e-02	-2.923760097473859787e-03	1.651649363338947296e-02
-6.817882414907217026e-03	-1.399266417138278484e-03	6.408453918993473053e-03
-1.109818294644355774e-01	-7.330409716814756393e-03	9.160057455301284790e-02
-1.386309415102005005e-01	-8.472050540149211884e-03	1.394269615411758423e-01
-1.284574121236801147e-01	-2.831987291574478149e-02	2.032770961523056030e-01
-1.343381404876708984e-01	-3.989763185381889343e-02	2.502447366714477539e-01
-1.669539660215377808e-01	-3.218850120902061462e-02	2.710244655609130859e-01
-1.658334434032440186e-01	-2.455633878707885742e-02	2.784909605979919434e-01
-1.218769997358322144e-01	1.771320961415767670e-02	2.752010524272918701e-01
-1.141315475106239319e-01	5.842533335089683533e-02	1.898767054080963135e-01
-1.262651532888412476e-01	8.904290944337844849e-02	5.945760756731033325e-02
-1.880934089422225952e-01	7.826723903417587280e-02	-7.979571074247360229e-02
-2.343688309192657471e-01	8.221305906772613525e-02	-1.785417348146438599e-01
-3.079921305179595947e-01	8.877317607402801514e-02	-2.535129487514495850e-01
-3.588344752788543701e-01	5.885553359985351562e-02	-2.859181165695190430e-01
-3.748961985111236572e-01	1.128430478274822235e-03	-2.613136768341064453e-01
-3.643103539943695068e-01	-5.396711453795433044e-02	-2.315270602703094482e-01
-3.619160652160644531e-01	-5.520413815975189209e-02	-1.807135939598083496e-01
-3.589298725128173828e-01	-2.297072485089302063e-02	-1.408581733703613281e-01
-2.976686060428619385e-01	1.056522037833929062e-02	-1.249184161424636841e-01
-2.558629512786865234e-01	5.957888439297676086e-02	-1.087165251374244690e-01
-1.984377354383468628e-01	6.527301669120788574e-02	-1.020597293972969055e-01
-1.740012317895889282e-01	7.135058939456939697e-02	-1.166942790150642395e-01
-1.398986279964447021e-01	4.299721494317054749e-02	-1.543309688568115234e-01
-1.806748360395431519e-01	1.389720197767019272e-02	-2.035185694694519043e-01
-2.181638479232788086e-01	1.077220309525728226e-02	-2.088371962308883667e-01
-1.535197347402572632e-01	6.473275832831859589e-03	-2.055761814117431641e-01
-3.199308738112449646e-02	2.058460004627704620e-02	-1.913085877895355225e-01
4.648491367697715759e-02	-3.509368980303406715e-03	-1.936795562505722046e-01
7.695139944553375244e-02	6.627008318901062012e-02	-2.322585731744766235e-01
9.121544659137725830e-02	1.399007886648178101e-01	-3.243226706981658936e-01
1.167197749018669128e-01	8.057536184787750244e-02	-4.327853024005889893e-01
1.139116808772087097e-01	1.574530825018882751e-02	-4.580961763858795166e-01
9.172568470239639282e-02	-6.660313904285430908e-02	-4.171194136142730713e-01
9.903287887573242188e-02	-8.478522300720214844e-02	-3.709167838096618652e-01
1.329598575830459595e-01	-9.265085309743881226e-02	-3.424840271472930908e-01
1.993347853422164917e-01	-9.415920823812484741e-02	-3.491551578044891357e-01
2.149113416671752930e-01	-9.169644862413406372e-02	-3.482515811920166016e-01
2.015921473503112793e-01	-8.284470438957214355e-02	-2.881925404071807861e-01
2.031873464584350586e-01	-8.587083965539932251e-02	-2.276715487241744995e-01
2.607887983322143555e-01	-9.748402237892150879e-02	-9.664609283208847046e-02
2.837248742580413818e-01	-1.123756170272827148e-01	2.648966759443283081e-02
2.666850388050079346e-01	-1.061159595847129822e-01	1.299048960208892822e-01
2.117064148187637329e-01	-1.157272085547447205e-01	2.019659727811813354e-01
1.851010173559188843e-01	-1.006714478135108948e-01	2.533008158206939697e-01
1.496484130620956421e-01	-8.104728162288665771e-02	2.800335586071014404e-01
1.376523822546005249e-01	-3.906121850013732910e-02	2.867335677146911621e-01
2.081101536750793457e-01	-3.149213269352912903e-02	2.533570528030395508e-01
2.510225176811218262e-01	-3.654954582452774048e-02	2.415670901536941528e-01
2.242777943611145020e-01	-9.273062646389007568e-02	2.535518407821655273e-01
2.182431668043136597e-01	-1.163520291447639465e-01	2.928316593170166016e-01
2.473327219486236572e-01	-1.014778092503547668e-01	3.256646990776062012e-01
2.564771175384521484e-01	-1.131660342216491699e-01	3.968082964420318604e-01
2.338372021913528442e-01	-1.057467907667160034e-01	4.383895993232727051e-01
1.490953117609024048e-01	-1.583684384822845459e-01	4.809138774871826172e-01
9.248582273721694946e-02	-1.780399680137634277e-01	4.935514628887176514e-01
6.016961485147476196e-02	-1.921182274818420410e-01	4.694022834300994873e-01
7.005653530359268188e-02	-2.032677829265594482e-01	4.138834178447723389e-01
6.377707421779632568e-02	-2.251309454441070557e-01	4.013330638408660889e-01
3.422231972217559814e-02	-2.147155404090881348e-01	4.458367228507995605e-01
4.375814925879240036e-03	-2.618407905101776123e-01	5.406362414360046387e-01
-3.141612932085990906e-02	-2.621101737022399902e-01	5.970155596733093262e-01
-4.038998484611511230e-02	-2.058615386486053467e-01	5.670337677001953125e-01
-4.647386074066162109e-02	-1.350587755441665649e-01	5.053977370262145996e-01
-2.541264519095420837e-02	-1.057508140802383423e-01	4.288831651210784912e-01
3.462033346295356750e-03	-1.329691708087921143e-01	3.849227130413055420e-01
1.722839660942554474e-02	-1.871470361948013306e-01	3.788642883300781250e-01
-3.154576197266578674e-02	-1.982058882713317871e-01	4.129025638103485107e-01
-4.831679537892341614e-02	-1.835529059171676636e-01	4.365212619304656982e-01
1.827722787857055664e-02	-1.694390475749969482e-01	4.077101051807403564e-01
1.099577695131301880e-01	-1.522272676229476929e-01	3.541960716247558594e-01
1.881283372640609741e-01	-1.523637324571609497e-01	3.142489492893218994e-01
1.980631351470947266e-01	-1.520486921072006226e-01	3.273205161094665527e-01
1.801519095897674561e-01	-1.545995920896530151e-01	3.852221071720123291e-01
1.857427656650543213e-01	-1.374941617250442505e-01	4.409924745559692383e-01
2.064891606569290161e-01	-1.125136464834213257e-01	4.797407686710357666e-01
2.202185690402984619e-01	-8.397235721349716187e-02	5.013000369071960449e-01
2.134359627962112427e-01	-5.315845087170600891e-02	4.783885180950164795e-01
1.777804940938949585e-01	-3.457960858941078186e-02	4.700445830821990967e-01
8.361586183309555054e-02	8.045875001698732376e-04	4.684886634349822998e-01
-2.628404088318347931e-02	5.370143428444862366e-02	4.270721375942230225e-01
-8.974464982748031616e-02	8.788616955280303955e-02	3.729410767555236816e-01
-9.037429094314575195e-02	8.718246221542358398e-02	2.953454852104187012e-01
-6.628056326007936150e-07	2.818432822823524475e-02	2.079689651727676392e-01
7.665830105543136597e-02	-2.085443399846553802e-02	1.731500774621963501e-01
1.463048458099365234e-01	-5.098859593272209167e-02	1.986715346574783325e-01
1.778020709753036499e-01	-6.273350119590759277e-02	2.857811450958251953e-01
1.990350335836410522e-01	-8.044059574604034424e-02	3.707556128501892090e-01
1.786166280508041382e-01	-1.245834752917289734e-01	3.977192044258117676e-01
1.514748334884643555e-01	-1.599763929843902588e-01	3.867242336273193359e-01
1.326407343149185181e-01	-1.859053969383239746e-01	4.192736744880676270e-01
8.060740679502487183e-02	-1.675785183906555176e-01	4.011667072772979736e-01
2.765116468071937561e-02	-1.232633665204048157e-01	3.697233498096466064e-01
-1.841901801526546478e-02	-5.278909578919410706e-02	2.737006545066833496e-01
-2.156145125627517700e-02	-1.531160250306129456e-02	2.344749569892883301e-01
-3.544294834136962891e-02	-6.639628671109676361e-03	1.902900487184524536e-01
-5.939593538641929626e-02	-2.354530617594718933e-03	1.536663472652435303e-01
-4.683840274810791016e-02	1.363593270070850849e-03	9.450103342533111572e-02
-5.446307826787233353e-03	2.006555348634719849e-02	4.000816121697425842e-02
4.366677312646061182e-04	2.902451436966657639e-03	1.436844584532082081e-03
-3.216674923896789551e-02	-4.457108676433563232e-03	2.541348710656166077e-02
-6.631156057119369507e-02	-6.596799008548259735e-03	1.050856634974479675e-01
-5.215362086892127991e-02	3.492984175682067871e-02	2.173936665058135986e-01
-2.591808140277862549e-02	2.944915369153022766e-02	3.252979218959808350e-01
1.241218019276857376e-02	2.124036476016044617e-02	3.954666852951049805e-01
3.220558911561965942e-02	4.838498309254646301e-03	3.778041005134582520e-01
4.451538249850273132e-02	1.312784571200609207e-02	3.365422189235687256e-01
7.676258683204650879e-02	2.754577621817588806e-02	2.990133464336395264e-01
9.149271249771118164e-02	4.399884864687919617e-02	2.809153199195861816e-01
9.993387013673782349e-02	6.759618222713470459e-02	2.880511581897735596e-01
6.686706840991973877e-02	1.350694596767425537e-01	2.828355431556701660e-01
4.038876295089721680e-02	2.037622034549713135e-01	2.459381520748138428e-01
4.387427493929862976e-02	2.327117472887039185e-01	2.053746879100799561e-01
8.457968384027481079e-02	2.632623910903930664e-01	1.552880555391311646e-01
4.821857437491416931e-02	2.629161179065704346e-01	1.569828540086746216e-01
-7.768905255943536758e-03	2.296552658081054688e-01	1.898827105760574341e-01
-4.537189006805419922e-02	2.388846278190612793e-01	1.833198964595794678e-01
-5.248860269784927368e-02	2.574464380741119385e-01	1.797083318233489990e-01
-7.035600021481513977e-03	2.719167470932006836e-01	1.623877733945846558e-01
5.561836436390876770e-02	2.804260551929473877e-01	1.371044814586639404e-01
1.870197951793670654e-01	2.335460484027862549e-01	1.141220331192016602e-01
2.582435607910156250e-01	1.818830519914627075e-01	1.140322536230087280e-01
2.728281319141387939e-01	1.501632928848266602e-01	1.489427089691162109e-01
2.394824177026748657e-01	9.283782541751861572e-02	1.532738804817199707e-01
2.108419686555862427e-01	6.098780408501625061e-02	1.731478720903396606e-01
2.105540484189987183e-01	1.062850654125213623e-02	2.362968772649765015e-01
1.958308219909667969e-01	-1.230096630752086639e-02	2.979798018932342529e-01
1.929200589656829834e-01	-3.709476813673973083e-02	3.325369954109191895e-01
1.769418567419052124e-01	-4.729902371764183044e-02	3.381962180137634277e-01
1.668614596128463745e-01	-4.900236427783966064e-02	3.211000859737396240e-01
1.424524784088134766e-01	-2.911757491528987885e-02	2.897835373878479004e-01
6.417982280254364014e-02	-3.452688828110694885e-02	1.993274241685867310e-01
2.107266709208488464e-02	-2.804705500602722168e-02	1.314364373683929443e-01
2.404312836006283760e-03	-1.947936788201332092e-02	8.528165519237518311e-02
