-1.154641032218933105e+00 2.058574259281158447e-01 -4.168150722980499268e-01
nan nan nan
nan nan nan
nan nan nan
-8.496559262275695801e-01 9.785095602273941040e-02 -3.125557303428649902e-01
-8.280915021896362305e-01 1.377199143171310425e-01 -2.806364595890045166e-01
-9.128926396369934082e-01 2.052512764930725098e-01 -2.938088178634643555e-01
-1.065767526626586914e+00 9.088174998760223389e-02 -2.740738689899444580e-01
-7.958054542541503906e-01 1.379007548093795776e-01 -3.279531598091125488e-01
-7.389208674430847168e-01 4.999148473143577576e-02 -2.784616053104400635e-01
-7.285426259040832520e-01 8.253987878561019897e-02 -2.913962900638580322e-01
-7.264215350151062012e-01 8.081828802824020386e-02 -2.903203666210174561e-01
-7.414144277572631836e-01 1.315413862466812134e-01 -2.519546151161193848e-01
-7.066601514816284180e-01 1.090431213378906250e-01 -2.610632777214050293e-01
-7.704624533653259277e-01 9.547122567892074585e-02 -2.654436528682708740e-01
-6.938427686691284180e-01 1.057560220360755920e-01 -2.221666723489761353e-01
-6.546756625175476074e-01 6.776361912488937378e-02 -2.395769357681274414e-01
-7.557282447814941406e-01 4.473064094781875610e-02 -3.139322102069854736e-01
-6.841568350791931152e-01 1.632624305784702301e-02 -2.528001666069030762e-01
-6.465159654617309570e-01 5.231756344437599182e-02 -2.337661236524581909e-01
-6.794553399085998535e-01 6.739824265241622925e-02 -2.028522342443466187e-01
-7.692484855651855469e-01 4.634780436754226685e-02 -1.997124999761581421e-01
-7.049744725227355957e-01 4.255937039852142334e-02 -2.637616991996765137e-01
-6.730647683143615723e-01 2.664073929190635681e-02 -2.162212729454040527e-01
-6.994021534919738770e-01 -3.722937777638435364e-02 -2.418028265237808228e-01
-7.829313874244689941e-01 -1.832818798720836639e-02 -2.354576140642166138e-01
-8.376020193099975586e-01 2.571648918092250824e-02 -2.139131724834442139e-01
-8.132423758506774902e-01 -1.335628516972064972e-02 -2.270334661006927490e-01
-8.414436578750610352e-01 -4.306229203939437866e-02 -2.430514544248580933e-01
-7.304806709289550781e-01 -5.989542696624994278e-03 -2.093216925859451294e-01
-7.631053328514099121e-01 2.582119405269622803e-02 -1.600689291954040527e-01
-8.099238276481628418e-01 2.382812649011611938e-02 -1.496922820806503296e-01
-7.857151031494140625e-01 -3.950667567551136017e-03 -1.475453972816467285e-01
-6.871169805526733398e-01 -5.266105383634567261e-02 -1.827790886163711548e-01
-7.925478816032409668e-01 1.211233437061309814e-02 -1.302196234464645386e-01
-7.763770222663879395e-01 -3.520588576793670654e-02 -1.307467669248580933e-01
-7.840026617050170898e-01 -1.336269360035657883e-02 -1.437124609947204590e-01
-7.175912261009216309e-01 -3.820681944489479065e-02 -1.405039131641387939e-01
-8.392443060874938965e-01 -4.060050472617149353e-02 -1.283476054668426514e-01
-7.661713957786560059e-01 -7.898674905300140381e-02 -1.630013734102249146e-01
-7.579373717308044434e-01 -4.926019534468650818e-02 -1.636021137237548828e-01
-8.420147895812988281e-01 -8.802344650030136108e-02 -1.288929134607315063e-01
-6.824505329132080078e-01 -8.178845793008804321e-02 -1.543814986944198608e-01
-7.217336893081665039e-01 -7.906334847211837769e-02 -1.416320502758026123e-01
-7.890272736549377441e-01 -9.618218988180160522e-02 -1.524222046136856079e-01
-7.678042650222778320e-01 -1.279878020286560059e-01 -1.695644110441207886e-01
-8.367236256599426270e-01 -1.517683118581771851e-01 -1.696382611989974976e-01
-5.896051526069641113e-01 -7.406839728355407715e-02 -1.024224609136581421e-01
-7.389268875122070312e-01 -2.025347799062728882e-01 -1.959730833768844604e-01
-7.896564006805419922e-01 -1.240145713090896606e-01 -8.561315387487411499e-02
-7.326245903968811035e-01 -1.352476775646209717e-01 -1.060610488057136536e-01
-6.138801574707031250e-01 -1.088706776499748230e-01 -1.039621904492378235e-01
-8.638647198677062988e-01 -1.312777847051620483e-01 -3.487986326217651367e-02
-6.911441087722778320e-01 -1.361988931894302368e-01 -6.305410712957382202e-02
-7.182663083076477051e-01 -1.904741227626800537e-01 -1.413004696369171143e-01
-8.918454647064208984e-01 -1.542704105377197266e-01 -2.579012140631675720e-02
-6.710699796676635742e-01 -1.667425334453582764e-01 -4.915344342589378357e-02
-7.061021924018859863e-01 -2.150856405496597290e-01 -1.334405690431594849e-01
-8.723884820938110352e-01 -3.197297453880310059e-01 -1.590932756662368774e-01
-7.735369801521301270e-01 -2.009726315736770630e-01 -6.235099956393241882e-02
-8.095728754997253418e-01 -1.579160541296005249e-01 -2.267934381961822510e-02
-8.658913969993591309e-01 -1.947866529226303101e-01 -5.554106831550598145e-02
-7.860654592514038086e-01 -2.636129558086395264e-01 -6.767876446247100830e-02
-7.002902626991271973e-01 -2.116831690073013306e-01 -9.969292581081390381e-02
-7.977269887924194336e-01 -2.629624307155609131e-01 -4.993955790996551514e-02
-6.430015563964843750e-01 -1.724732071161270142e-01 -3.820692375302314758e-02
-7.490848898887634277e-01 -1.993361860513687134e-01 -4.752462729811668396e-02
-7.573297619819641113e-01 -2.295620143413543701e-01 -3.050719760358333588e-02
-7.527530789375305176e-01 -3.037388920783996582e-01 -1.367051452398300171e-01
-8.602411150932312012e-01 -1.774362474679946899e-01 6.105183437466621399e-02
-7.449642419815063477e-01 -1.806081533432006836e-01 -1.459416840225458145e-02
-7.634264826774597168e-01 -2.889940738677978516e-01 -9.062302112579345703e-02
-8.025161027908325195e-01 -3.148857355117797852e-01 -1.041134074330329895e-01
-6.673554778099060059e-01 -2.455853968858718872e-01 -7.597479224205017090e-02
-7.095497250556945801e-01 -1.854898780584335327e-01 1.825563237071037292e-02
-6.692590713500976562e-01 -2.278555184602737427e-01 -2.722779661417007446e-02
-7.564551830291748047e-01 -2.923389375209808350e-01 3.076141001656651497e-03
-7.559733390808105469e-01 -3.382718563079833984e-01 -1.814792118966579437e-02
-6.899257898330688477e-01 -3.770666122436523438e-01 -8.174782991409301758e-02
-6.988838911056518555e-01 -2.974193990230560303e-01 -3.241353482007980347e-02
-8.130901455879211426e-01 -3.511710464954376221e-01 -1.490511745214462280e-02
-6.980540156364440918e-01 -3.010969758033752441e-01 -4.227859526872634888e-02
-7.440549135208129883e-01 -3.899888992309570312e-01 -5.600693821907043457e-02
-6.738582253456115723e-01 -2.667609453201293945e-01 -4.867945611476898193e-02
-8.528770804405212402e-01 -2.379798740148544312e-01 1.301760524511337280e-01
-7.435875535011291504e-01 -3.658157289028167725e-01 -2.168505638837814331e-02
-7.316892743110656738e-01 -2.210364937782287598e-01 1.240067481994628906e-01
-7.903288602828979492e-01 -3.391107916831970215e-01 5.369928851723670959e-02
-6.357773542404174805e-01 -3.429449796676635742e-01 1.281643752008676529e-03
-6.486391425132751465e-01 -3.017987310886383057e-01 -3.256570780649781227e-03
-6.792374253273010254e-01 -2.958295941352844238e-01 9.926179796457290649e-02
-7.816005945205688477e-01 -3.342267274856567383e-01 1.159365922212600708e-01
-7.936434149742126465e-01 -4.283042550086975098e-01 3.177260607481002808e-02
-6.128540039062500000e-01 -3.353870213031768799e-01 -8.968535810708999634e-03
-6.246170401573181152e-01 -2.994046807289123535e-01 2.343043871223926544e-02
-7.138901948928833008e-01 -2.809475660324096680e-01 1.229114010930061340e-01
-6.572045683860778809e-01 -3.309199213981628418e-01 2.688228525221347809e-02
-5.915974974632263184e-01 -3.653471767902374268e-01 -1.145577756687998772e-03
-6.258673667907714844e-01 -3.590832054615020752e-01 4.998537898063659668e-02
-5.525757670402526855e-01 -2.924381792545318604e-01 6.917902082204818726e-02
-6.790406703948974609e-01 -3.026284575462341309e-01 1.968622356653213501e-01
-6.025401353836059570e-01 -3.465564250946044922e-01 9.033545106649398804e-02
-6.090792417526245117e-01 -3.785587847232818604e-01 2.842780202627182007e-02
-6.145419478416442871e-01 -4.546095430850982666e-01 -2.831699885427951813e-02
-6.495061516761779785e-01 -3.598677217960357666e-01 1.401184797286987305e-01
-8.023065924644470215e-01 -4.057143926620483398e-01 1.668016612529754639e-01
-6.290236115455627441e-01 -4.101475477218627930e-01 9.283157438039779663e-02
-6.825386285781860352e-01 -4.169886410236358643e-01 1.215726137161254883e-01
-6.198462247848510742e-01 -3.334052562713623047e-01 1.744157522916793823e-01
-4.931757748126983643e-01 -3.285975158214569092e-01 5.486911907792091370e-02
-6.796277165412902832e-01 -4.069287478923797607e-01 1.331262886524200439e-01
-6.584782004356384277e-01 -4.357099235057830811e-01 1.105489805340766907e-01
-6.348563432693481445e-01 -5.156326293945312500e-01 1.077970955520868301e-02
-6.368759274482727051e-01 -5.008667111396789551e-01 4.270387440919876099e-02
-5.928998589515686035e-01 -3.143256604671478271e-01 1.466596126556396484e-01
-5.886698365211486816e-01 -5.148106813430786133e-01 3.407840058207511902e-02
-6.016551256179809570e-01 -4.980095624923706055e-01 9.746930748224258423e-02
-5.460785627365112305e-01 -3.928382992744445801e-01 1.164741292595863342e-01
-6.168019175529479980e-01 -5.153315663337707520e-01 1.135174706578254700e-01
-5.094200968742370605e-01 -4.378390908241271973e-01 5.417631939053535461e-02
-6.220939159393310547e-01 -3.728372454643249512e-01 2.258455753326416016e-01
-5.023571252822875977e-01 -3.641754984855651855e-01 1.204607188701629639e-01
-4.733682572841644287e-01 -3.501711189746856689e-01 1.084794327616691589e-01
-5.957391858100891113e-01 -3.948732316493988037e-01 2.274143844842910767e-01
-4.731096327304840088e-01 -3.968605697154998779e-01 6.380780041217803955e-02
-6.387355923652648926e-01 -5.189249515533447266e-01 1.993120163679122925e-01
-5.831423997879028320e-01 -4.981954693794250488e-01 1.485118418931961060e-01
-5.147938728332519531e-01 -4.931558966636657715e-01 4.090904444456100464e-02
-5.087147355079650879e-01 -4.622018933296203613e-01 7.429848611354827881e-02
-5.857342481613159180e-01 -4.784727990627288818e-01 1.602889746427536011e-01
-5.893267393112182617e-01 -3.786475360393524170e-01 2.813741266727447510e-01
-5.893487334251403809e-01 -6.649603843688964844e-01 1.245317384600639343e-01
-5.683239102363586426e-01 -5.080034732818603516e-01 1.742769330739974976e-01
-4.882774353027343750e-01 -5.579578280448913574e-01 7.050695270299911499e-02
-4.600552320480346680e-01 -5.249752402305603027e-01 7.393238693475723267e-02
-4.971261024475097656e-01 -4.506190419197082520e-01 1.436806470155715942e-01
-6.227896213531494141e-01 -5.789268612861633301e-01 1.726202368736267090e-01
-5.766343474388122559e-01 -4.596261680126190186e-01 2.072018533945083618e-01
-5.711271166801452637e-01 -3.959930837154388428e-01 2.428345978260040283e-01
-4.970903694629669189e-01 -5.198126435279846191e-01 1.356625556945800781e-01
-6.346980929374694824e-01 -4.091349840164184570e-01 3.482310175895690918e-01
-5.064036846160888672e-01 -5.017991662025451660e-01 2.370844781398773193e-01
-4.698351025581359863e-01 -4.342744052410125732e-01 1.728946864604949951e-01
-4.220185577869415283e-01 -5.131564736366271973e-01 8.832809329032897949e-02
-5.382652878761291504e-01 -4.903365373611450195e-01 2.471429556608200073e-01
-6.284933686256408691e-01 -5.986274480819702148e-01 3.060422241687774658e-01
-4.265849292278289795e-01 -4.806492030620574951e-01 1.367896646261215210e-01
-5.606731772422790527e-01 -5.048552155494689941e-01 3.058342635631561279e-01
-4.472173750400543213e-01 -5.559881925582885742e-01 1.397755146026611328e-01
-5.038423538208007812e-01 -5.612622499465942383e-01 2.245340198278427124e-01
-5.000825524330139160e-01 -4.498790800571441650e-01 2.615010738372802734e-01
-5.218831300735473633e-01 -4.481065571308135986e-01 3.323407769203186035e-01
-4.433620572090148926e-01 -4.439586400985717773e-01 2.628667652606964111e-01
-4.638983905315399170e-01 -5.219364762306213379e-01 2.468996345996856689e-01
-4.957690536975860596e-01 -6.929556131362915039e-01 2.480669766664505005e-01
-6.061386466026306152e-01 -7.528745532035827637e-01 2.524143159389495850e-01
-3.698700368404388428e-01 -5.537312030792236328e-01 1.294835358858108521e-01
-5.049344301223754883e-01 -5.864003300666809082e-01 3.128101527690887451e-01
-3.414936661720275879e-01 -5.112061500549316406e-01 1.343580037355422974e-01
-3.361871540546417236e-01 -5.631346702575683594e-01 1.172443479299545288e-01
-3.772537410259246826e-01 -7.136060595512390137e-01 2.678581774234771729e-01
-3.655493557453155518e-01 -6.366065144538879395e-01 1.498259007930755615e-01
-3.813183307647705078e-01 -6.052147150039672852e-01 2.440739870071411133e-01
-3.976203501224517822e-01 -5.941025614738464355e-01 1.988907754421234131e-01
-4.079829752445220947e-01 -6.178898811340332031e-01 2.451408356428146362e-01
-3.448314070701599121e-01 -5.941063761711120605e-01 1.790343970060348511e-01
-3.114994168281555176e-01 -5.323293209075927734e-01 1.924957633018493652e-01
-3.088745772838592529e-01 -6.169320940971374512e-01 1.736310422420501709e-01
-3.212761580944061279e-01 -6.961803436279296875e-01 1.976047456264495850e-01
-3.247934281826019287e-01 -6.446284055709838867e-01 2.555029392242431641e-01
-3.091048300266265869e-01 -5.777711868286132812e-01 1.979407519102096558e-01
-2.833015620708465576e-01 -5.318492650985717773e-01 2.148143202066421509e-01
-3.641291856765747070e-01 -6.739655733108520508e-01 2.873295247554779053e-01
-2.717309594154357910e-01 -5.795665979385375977e-01 2.651582658290863037e-01
-3.615990281105041504e-01 -5.258673429489135742e-01 2.913982570171356201e-01
-3.761913478374481201e-01 -5.119787454605102539e-01 3.803071379661560059e-01
-2.373584359884262085e-01 -5.794594883918762207e-01 2.106572538614273071e-01
-3.871841728687286377e-01 -5.807732343673706055e-01 3.713516891002655029e-01
-2.818717658519744873e-01 -7.289712429046630859e-01 2.832191884517669678e-01
-2.932928800582885742e-01 -6.606011986732482910e-01 2.921670377254486084e-01
-3.564991950988769531e-01 -4.636000692844390869e-01 3.626201748847961426e-01
-2.074323147535324097e-01 -6.038111448287963867e-01 1.996534466743469238e-01
-2.402786165475845337e-01 -6.586699485778808594e-01 2.135835587978363037e-01
-2.710855603218078613e-01 -5.644147396087646484e-01 2.178800404071807861e-01
-3.421926498413085938e-01 -6.427807211875915527e-01 3.236839175224304199e-01
-2.584693729877471924e-01 -6.265428066253662109e-01 2.836201190948486328e-01
-3.227816522121429443e-01 -5.279400348663330078e-01 3.185738623142242432e-01
-2.675773203372955322e-01 -4.808550179004669189e-01 2.596589624881744385e-01
-2.433716952800750732e-01 -4.670793116092681885e-01 2.297279983758926392e-01
-3.026752769947052002e-01 -5.565490722656250000e-01 3.525458574295043945e-01
-3.628148138523101807e-01 -5.635725855827331543e-01 4.642447829246520996e-01
-3.320515155792236328e-01 -5.474864244461059570e-01 4.388094544410705566e-01
-1.928641051054000854e-01 -6.388760209083557129e-01 3.263910412788391113e-01
-2.798987627029418945e-01 -4.865661859512329102e-01 3.343595266342163086e-01
-1.897140592336654663e-01 -3.436952829360961914e-01 1.700388491153717041e-01
-2.094819545745849609e-01 -5.870988368988037109e-01 3.178707361221313477e-01
-2.497312277555465698e-01 -6.230300664901733398e-01 3.829216361045837402e-01
-2.921212315559387207e-01 -5.482392907142639160e-01 4.306381046772003174e-01
-2.657022178173065186e-01 -4.893753826618194580e-01 3.585326671600341797e-01
-2.451522946357727051e-01 -5.626708269119262695e-01 3.922491371631622314e-01
-2.069614231586456299e-01 -6.016152501106262207e-01 3.900015056133270264e-01
-1.623192429542541504e-01 -6.341729164123535156e-01 3.287033140659332275e-01
-1.647648066282272339e-01 -6.636409163475036621e-01 2.838532626628875732e-01
-2.547117173671722412e-01 -5.431894063949584961e-01 4.224061071872711182e-01
-2.119606435298919678e-01 -6.046797037124633789e-01 3.816414177417755127e-01
-2.041296958923339844e-01 -6.723109483718872070e-01 3.834432363510131836e-01
-2.043540328741073608e-01 -7.532906532287597656e-01 4.584638476371765137e-01
-9.092441201210021973e-02 -6.027147173881530762e-01 3.098437190055847168e-01
-1.783122122287750244e-01 -5.363050103187561035e-01 2.927862703800201416e-01
-1.802964061498641968e-01 -4.340446591377258301e-01 2.707571089267730713e-01
-1.283719688653945923e-01 -5.413563251495361328e-01 3.207113444805145264e-01
-1.053112074732780457e-01 -6.267315745353698730e-01 3.109457790851593018e-01
-2.431624084711074829e-01 -5.287888050079345703e-01 4.637086391448974609e-01
-1.350854039192199707e-01 -5.633129477500915527e-01 2.976397573947906494e-01
-1.761498898267745972e-01 -5.533189177513122559e-01 3.768025934696197510e-01
-1.935520619153976440e-01 -6.019505858421325684e-01 4.194912612438201904e-01
-2.644934654235839844e-01 -5.322920083999633789e-01 5.017575025558471680e-01
-1.049868315458297729e-01 -6.077680587768554688e-01 3.884979188442230225e-01
-1.874739527702331543e-01 -5.666724443435668945e-01 5.222833156585693359e-01
-8.646438270807266235e-02 -6.140530109405517578e-01 3.768905401229858398e-01
-2.221962064504623413e-01 -5.214124917984008789e-01 5.169417858123779297e-01
-1.868842244148254395e-01 -4.637817144393920898e-01 4.623235762119293213e-01
-1.647598445415496826e-01 -4.708952307701110840e-01 3.818755745887756348e-01
-1.279557645320892334e-01 -4.944070875644683838e-01 3.658552169799804688e-01
-7.153889536857604980e-02 -5.560860633850097656e-01 4.353930950164794922e-01
-9.568277001380920410e-02 -5.478481650352478027e-01 4.087190330028533936e-01
-5.502610653638839722e-02 -4.967070519924163818e-01 3.323997259140014648e-01
-9.235855191946029663e-02 -5.524045825004577637e-01 3.620185554027557373e-01
-7.230748981237411499e-02 -5.492921471595764160e-01 3.799713253974914551e-01
-1.794663965702056885e-01 -4.190348088741302490e-01 4.733580350875854492e-01
-5.940927937626838684e-02 -5.481845736503601074e-01 4.017945230007171631e-01
-1.115736588835716248e-01 -4.429492056369781494e-01 3.381102681159973145e-01
-6.771753728389739990e-02 -6.272487044334411621e-01 4.818685054779052734e-01
-1.289087086915969849e-01 -5.078898668289184570e-01 4.846579432487487793e-01
-6.884452700614929199e-02 -4.462369084358215332e-01 3.562207221984863281e-01
-8.984246850013732910e-02 -4.969304502010345459e-01 4.587268233299255371e-01
-1.692044734954833984e-01 -4.222102463245391846e-01 5.121688246726989746e-01
-3.407813236117362976e-02 -5.967145562171936035e-01 4.460490942001342773e-01
-1.041832044720649719e-01 -5.723246335983276367e-01 5.386788249015808105e-01
-1.307303551584482193e-02 -5.764200091361999512e-01 4.210423231124877930e-01
-2.286481857299804688e-02 -5.401493906974792480e-01 3.999454379081726074e-01
-1.578352786600589752e-02 -4.539162516593933105e-01 3.602489531040191650e-01
-1.083442848175764084e-02 -5.289922952651977539e-01 4.101198017597198486e-01
3.534058108925819397e-02 -5.796917080879211426e-01 4.791904091835021973e-01
-9.019231796264648438e-02 -4.442178010940551758e-01 5.666041374206542969e-01
2.521831728518009186e-02 -5.028681755065917969e-01 3.980201184749603271e-01
-3.421724960207939148e-02 -4.686718881130218506e-01 4.666085243225097656e-01
-8.666652441024780273e-02 -4.189530014991760254e-01 5.064629912376403809e-01
-6.650054454803466797e-02 -4.597969651222229004e-01 5.293660759925842285e-01
-5.293973162770271301e-02 -4.558604955673217773e-01 5.462297797203063965e-01
-7.058981806039810181e-02 -3.847682476043701172e-01 4.967862367630004883e-01
-5.730538815259933472e-02 -4.147113859653472900e-01 4.583290219306945801e-01
-3.690275177359580994e-02 -5.161994695663452148e-01 5.830858349800109863e-01
1.854907907545566559e-02 -5.007260441780090332e-01 5.191819667816162109e-01
3.958505392074584961e-02 -4.246727526187896729e-01 4.250294268131256104e-01
-1.975837908685207367e-02 -4.048786163330078125e-01 4.599366188049316406e-01
-5.069620534777641296e-02 -3.274456858634948730e-01 4.189384877681732178e-01
-2.627615816891193390e-02 -3.484864532947540283e-01 4.270890057086944580e-01
4.679284244775772095e-02 -3.969496190547943115e-01 4.423244595527648926e-01
-3.116484545171260834e-02 -4.044595062732696533e-01 4.915958940982818604e-01
-6.963430345058441162e-02 -4.084879755973815918e-01 6.236835122108459473e-01
4.718743637204170227e-02 -4.265778362751007080e-01 4.809516668319702148e-01
4.533491563051939011e-03 -4.209640622138977051e-01 5.236488580703735352e-01
9.603215381503105164e-03 -3.895769119262695312e-01 4.765020012855529785e-01
9.520155936479568481e-02 -5.126301050186157227e-01 5.210575461387634277e-01
-4.825391992926597595e-02 -3.663794100284576416e-01 5.772985219955444336e-01
4.509450867772102356e-02 -3.888059258460998535e-01 5.404994487762451172e-01
3.069164231419563293e-02 -2.730709016323089600e-01 3.902940154075622559e-01
1.137473508715629578e-01 -4.306248724460601807e-01 4.908027648925781250e-01
8.998677134513854980e-03 -2.620783746242523193e-01 4.081586599349975586e-01
1.068400684744119644e-02 -2.890014648437500000e-01 4.524531960487365723e-01
3.746898472309112549e-02 -3.909077644348144531e-01 5.775963068008422852e-01
8.796658366918563843e-02 -3.781477510929107666e-01 5.998263955116271973e-01
7.594560831785202026e-02 -3.130016922950744629e-01 4.603145420551300049e-01
9.180291742086410522e-02 -3.281279504299163818e-01 4.594498276710510254e-01
3.304131329059600830e-02 -2.986503541469573975e-01 4.781624972820281982e-01
1.752582378685474396e-02 -2.719699740409851074e-01 5.558780431747436523e-01
6.540060788393020630e-02 -3.149319887161254883e-01 5.484093427658081055e-01
8.404469490051269531e-02 -3.359448611736297607e-01 5.628392100334167480e-01
1.196349933743476868e-01 -3.398286104202270508e-01 4.596676230430603027e-01
3.609231859445571899e-02 -2.651618421077728271e-01 5.032919645309448242e-01
1.155091822147369385e-01 -3.459524512290954590e-01 5.907237529754638672e-01
6.701712310314178467e-02 -2.461299896240234375e-01 5.695005655288696289e-01
7.700724154710769653e-02 -2.390738725662231445e-01 5.016369223594665527e-01
8.424631506204605103e-02 -2.526401281356811523e-01 4.862379133701324463e-01
9.628406912088394165e-02 -2.497813105583190918e-01 5.876972675323486328e-01
1.293620914220809937e-01 -2.467117011547088623e-01 4.167774617671966553e-01
7.923489809036254883e-02 -2.541063725948333740e-01 5.980882048606872559e-01
1.389492899179458618e-01 -2.918978035449981689e-01 5.888168811798095703e-01
2.065590769052505493e-01 -3.245167136192321777e-01 6.920256614685058594e-01
1.335595548152923584e-01 -2.184341251850128174e-01 4.442099332809448242e-01
1.694917976856231689e-01 -3.116834759712219238e-01 6.151212453842163086e-01
9.393590688705444336e-02 -1.688348501920700073e-01 5.291367173194885254e-01
1.552783250808715820e-01 -2.081751674413681030e-01 7.041674852371215820e-01
1.634094417095184326e-01 -2.097391337156295776e-01 5.968789458274841309e-01
1.711001992225646973e-01 -2.097604572772979736e-01 4.939701855182647705e-01
1.385809928178787231e-01 -1.627522110939025879e-01 4.778210520744323730e-01
1.718872189521789551e-01 -2.102695554494857788e-01 5.631796717643737793e-01
1.294881850481033325e-01 -1.162760555744171143e-01 5.046813488006591797e-01
1.376387476921081543e-01 -1.420896351337432861e-01 3.909898102283477783e-01
2.051690518856048584e-01 -1.979105323553085327e-01 6.537581086158752441e-01
2.346360683441162109e-01 -1.875310689210891724e-01 5.797074437141418457e-01
1.670303195714950562e-01 -9.668423980474472046e-02 4.103546738624572754e-01
2.663872241973876953e-01 -2.165216952562332153e-01 5.468074083328247070e-01
2.321344465017318726e-01 -1.788908541202545166e-01 4.699415266513824463e-01
2.203608304262161255e-01 -1.442031711339950562e-01 5.636255145072937012e-01
2.086962610483169556e-01 -1.269959360361099243e-01 4.484367072582244873e-01
2.952016592025756836e-01 -1.560312211513519287e-01 5.408641695976257324e-01
2.769104838371276855e-01 -1.605173647403717041e-01 5.174190402030944824e-01
2.263534218072891235e-01 -8.923526853322982788e-02 4.717366695404052734e-01
2.739377021789550781e-01 -1.481191366910934448e-01 5.656639337539672852e-01
2.932979464530944824e-01 -1.561030894517898560e-01 4.889580011367797852e-01
3.007878959178924561e-01 -1.518667936325073242e-01 4.874264001846313477e-01
2.951744794845581055e-01 -1.360270380973815918e-01 5.222637057304382324e-01
3.160765767097473145e-01 -1.339014172554016113e-01 4.773794412612915039e-01
3.400117158889770508e-01 -1.417363286018371582e-01 5.386171936988830566e-01
3.339769542217254639e-01 -1.214789226651191711e-01 5.511718988418579102e-01
2.836527824401855469e-01 -4.637657850980758667e-02 5.084213614463806152e-01
3.007469773292541504e-01 -7.358281314373016357e-02 5.152145028114318848e-01
3.098780512809753418e-01 -8.116465806961059570e-02 5.031960010528564453e-01
3.528689146041870117e-01 -8.933328837156295776e-02 6.156107187271118164e-01
2.831507027149200439e-01 -5.470364913344383240e-02 4.817620813846588135e-01
3.137854635715484619e-01 -4.501014202833175659e-02 5.329782366752624512e-01
2.755331993103027344e-01 -5.736200604587793350e-03 4.373477399349212646e-01
3.536490797996520996e-01 -6.183523684740066528e-02 6.034279465675354004e-01
3.673644661903381348e-01 -4.508987069129943848e-02 4.974903166294097900e-01
3.657472431659698486e-01 -4.621437191963195801e-02 5.366291403770446777e-01
3.565841615200042725e-01 -1.595385931432247162e-02 5.450105071067810059e-01
3.326708078384399414e-01 -5.645627970807254314e-04 4.286310374736785889e-01
1.408379822969436646e-01 3.197741881012916565e-02 2.042413353919982910e-01
3.970707654953002930e-01 7.970249280333518982e-03 5.229627490043640137e-01
3.780320584774017334e-01 3.579831868410110474e-02 4.734453260898590088e-01
3.184171319007873535e-01 6.773208081722259521e-02 4.808276295661926270e-01
4.191862344741821289e-01 2.010487392544746399e-02 5.926586985588073730e-01
4.199147224426269531e-01 5.180904641747474670e-02 6.724209785461425781e-01
4.920075535774230957e-01 3.352475538849830627e-02 6.270816922187805176e-01
3.122894763946533203e-01 6.907316297292709351e-02 3.783475756645202637e-01
4.003328680992126465e-01 7.323224842548370361e-02 4.860241413116455078e-01
4.294013679027557373e-01 7.554461061954498291e-02 5.640555620193481445e-01
4.144709408283233643e-01 9.378395974636077881e-02 5.337972044944763184e-01
4.448851644992828369e-01 9.728945046663284302e-02 5.416131019592285156e-01
4.664378166198730469e-01 8.762560039758682251e-02 5.387806892395019531e-01
4.380587339401245117e-01 9.386392682790756226e-02 4.953210353851318359e-01
4.385409355163574219e-01 1.111656352877616882e-01 5.020751953125000000e-01
5.127741098403930664e-01 1.077167913317680359e-01 5.292357206344604492e-01
5.653087496757507324e-01 1.059543415904045105e-01 6.167137622833251953e-01
5.008249282836914062e-01 1.521656215190887451e-01 4.983308911323547363e-01
5.076982378959655762e-01 1.208480149507522583e-01 5.595753192901611328e-01
5.099628567695617676e-01 1.824451833963394165e-01 5.509431362152099609e-01
5.434731245040893555e-01 1.788574755191802979e-01 5.754050612449645996e-01
5.643213987350463867e-01 1.813770085573196411e-01 5.913486480712890625e-01
5.701626539230346680e-01 1.767137646675109863e-01 5.445138812065124512e-01
6.124575734138488770e-01 1.846047341823577881e-01 5.688791871070861816e-01
5.254308581352233887e-01 2.370364964008331299e-01 5.522229671478271484e-01
5.339590907096862793e-01 2.097967863082885742e-01 5.025479197502136230e-01
6.080936193466186523e-01 1.614614427089691162e-01 6.093281507492065430e-01
4.415851235389709473e-01 2.261355370283126831e-01 3.817735612392425537e-01
5.691539645195007324e-01 2.140787243843078613e-01 5.253272056579589844e-01
5.687862038612365723e-01 2.398082464933395386e-01 6.211187839508056641e-01
5.817942619323730469e-01 2.653654515743255615e-01 5.899714827537536621e-01
6.311096549034118652e-01 3.167125880718231201e-01 5.981044769287109375e-01
6.184696555137634277e-01 2.029749155044555664e-01 5.827492475509643555e-01
5.986850261688232422e-01 2.362036406993865967e-01 5.722789764404296875e-01
6.442002654075622559e-01 2.850419878959655762e-01 5.745809674263000488e-01
6.289390921592712402e-01 2.944174408912658691e-01 6.208091974258422852e-01
6.610690951347351074e-01 3.298538327217102051e-01 5.576937794685363770e-01
7.228337526321411133e-01 3.157191872596740723e-01 6.832411885261535645e-01
7.003895640373229980e-01 2.600384950637817383e-01 5.853917002677917480e-01
6.928685903549194336e-01 3.309679925441741943e-01 6.257897019386291504e-01
6.797214746475219727e-01 3.202006220817565918e-01 6.384614706039428711e-01
7.302011847496032715e-01 4.170124530792236328e-01 6.231029629707336426e-01
7.150349020957946777e-01 3.593465685844421387e-01 6.891573071479797363e-01
7.025423645973205566e-01 4.754560887813568115e-01 6.857306957244873047e-01
7.722228765487670898e-01 4.112149477005004883e-01 6.890154480934143066e-01
8.776711225509643555e-01 4.640234410762786865e-01 8.742412924766540527e-01
nan nan nan
nan nan nan
nan nan nan
7.381684184074401855e-01 4.752472937107086182e-01 7.209720015525817871e-01
7.560545206069946289e-01 4.705827832221984863e-01 6.712452769279479980e-01
6.300684809684753418e-01 4.743477404117584229e-01 6.541748046875000000e-01
6.294123530387878418e-01 4.892575144767761230e-01 6.663557291030883789e-01
6.930596828460693359e-01 4.687372446060180664e-01 7.311086058616638184e-01
6.946648359298706055e-01 4.316379427909851074e-01 6.041477918624877930e-01
5.603494644165039062e-01 4.303987324237823486e-01 5.890025496482849121e-01
6.303930282592773438e-01 4.221522510051727295e-01 6.099357008934020996e-01
5.216760039329528809e-01 3.866907060146331787e-01 5.195781588554382324e-01
5.905654430389404297e-01 4.742602705955505371e-01 6.494005322456359863e-01
5.983989238739013672e-01 4.449445307254791260e-01 6.551781892776489258e-01
5.154621005058288574e-01 3.744685351848602295e-01 5.456162691116333008e-01
5.888982415199279785e-01 4.163328111171722412e-01 6.149275302886962891e-01
5.426426529884338379e-01 3.482800126075744629e-01 6.229695677757263184e-01
5.009776353836059570e-01 3.382695615291595459e-01 5.695024728775024414e-01
4.571335017681121826e-01 4.300757944583892822e-01 5.718325376510620117e-01
4.481804072856903076e-01 4.053810536861419678e-01 5.551278591156005859e-01
5.356723666191101074e-01 4.019125998020172119e-01 6.771470308303833008e-01
4.406778216361999512e-01 4.201575517654418945e-01 7.130615711212158203e-01
4.331310093402862549e-01 3.753368258476257324e-01 5.637648105621337891e-01
4.180957078933715820e-01 3.509155809879302979e-01 5.673788785934448242e-01
3.869948387145996094e-01 3.412374258041381836e-01 6.029461026191711426e-01
3.418557047843933105e-01 3.244720101356506348e-01 5.081490278244018555e-01
4.447233378887176514e-01 3.659149706363677979e-01 7.469834089279174805e-01
3.402146100997924805e-01 4.117186665534973145e-01 7.241196036338806152e-01
3.394398093223571777e-01 3.435813784599304199e-01 5.712534189224243164e-01
3.169027864933013916e-01 3.150977492332458496e-01 6.026753783226013184e-01
3.136116266250610352e-01 3.705443441867828369e-01 5.897658467292785645e-01
3.198751807212829590e-01 3.330637812614440918e-01 6.250514984130859375e-01
3.164408802986145020e-01 2.898550033569335938e-01 5.380209088325500488e-01
2.845503091812133789e-01 2.810425460338592529e-01 5.052262544631958008e-01
2.642438411712646484e-01 2.655277252197265625e-01 5.315116047859191895e-01
2.776501476764678955e-01 3.066831529140472412e-01 6.201387047767639160e-01
2.416389286518096924e-01 2.892263233661651611e-01 6.185452342033386230e-01
2.184963971376419067e-01 2.873696386814117432e-01 5.320740938186645508e-01
1.941771358251571655e-01 3.079179823398590088e-01 4.696866571903228760e-01
2.075341045856475830e-01 2.586838901042938232e-01 5.345096588134765625e-01
2.252106070518493652e-01 2.608191370964050293e-01 6.088766455650329590e-01
2.032832503318786621e-01 2.673175632953643799e-01 6.060214042663574219e-01
1.728471219539642334e-01 2.157125324010848999e-01 4.851447045803070068e-01
1.704444587230682373e-01 3.127277791500091553e-01 5.813504457473754883e-01
1.619749069213867188e-01 3.238193690776824951e-01 6.139032244682312012e-01
1.431017071008682251e-01 2.302213907241821289e-01 4.563275277614593506e-01
1.717681884765625000e-01 2.005007714033126831e-01 4.809065461158752441e-01
7.902206480503082275e-02 2.630892992019653320e-01 5.233246684074401855e-01
1.025095582008361816e-01 2.501662969589233398e-01 6.788293123245239258e-01
9.694257378578186035e-02 2.165769636631011963e-01 4.735762774944305420e-01
7.640520483255386353e-02 2.494933456182479858e-01 6.496589183807373047e-01
5.325525999069213867e-02 2.388027459383010864e-01 5.722547769546508789e-01
6.471866369247436523e-02 2.356379032135009766e-01 6.008980274200439453e-01
1.037719175219535828e-01 1.963237971067428589e-01 5.032953619956970215e-01
1.434555929154157639e-02 2.303338348865509033e-01 5.479292869567871094e-01
3.906479105353355408e-02 2.310128659009933472e-01 6.771839857101440430e-01
4.190941900014877319e-02 2.214413583278656006e-01 5.329352021217346191e-01
4.877981264144182205e-03 2.658480703830718994e-01 6.255190372467041016e-01
-1.030274387449026108e-02 2.300711572170257568e-01 5.801934599876403809e-01
1.216028071939945221e-02 2.220628708600997925e-01 5.205017924308776855e-01
8.402873761951923370e-03 1.530495584011077881e-01 5.438762903213500977e-01
-4.940539225935935974e-02 2.286965101957321167e-01 5.848884582519531250e-01
-4.681941866874694824e-02 2.385551333427429199e-01 7.107753157615661621e-01
-2.256743051111698151e-02 1.985024660825729370e-01 5.747000575065612793e-01
-1.826696656644344330e-02 2.333835065364837646e-01 6.155405044555664062e-01
-3.884149715304374695e-02 2.021456807851791382e-01 5.827599167823791504e-01
-4.941701143980026245e-02 1.673907488584518433e-01 6.295628547668457031e-01
-2.515808679163455963e-02 1.152994781732559204e-01 4.196798801422119141e-01
-9.335172921419143677e-02 2.073788642883300781e-01 6.170697808265686035e-01
-6.570383906364440918e-02 1.356148123741149902e-01 4.504702687263488770e-01
-7.179691642522811890e-02 1.614395380020141602e-01 5.781676769256591797e-01
-9.988956898450851440e-02 1.854194104671478271e-01 5.095219016075134277e-01
-1.172336861491203308e-01 2.066354006528854370e-01 4.961082041263580322e-01
-1.415045857429504395e-01 1.940310448408126831e-01 5.820243358612060547e-01
-1.560961008071899414e-01 2.023284882307052612e-01 5.781337022781372070e-01
-1.145123839378356934e-01 1.631850451231002808e-01 5.662927031517028809e-01
-2.160748392343521118e-01 2.092858850955963135e-01 7.354279756546020508e-01
-1.548706442117691040e-01 1.398789584636688232e-01 5.391855835914611816e-01
-1.649530678987503052e-01 2.273365706205368042e-01 6.062615513801574707e-01
-1.506326943635940552e-01 1.548974812030792236e-01 5.465679764747619629e-01
-1.853889822959899902e-01 2.207188308238983154e-01 6.152727603912353516e-01
-2.459376752376556396e-01 2.357278466224670410e-01 5.918095111846923828e-01
-2.032410055398941040e-01 1.778357028961181641e-01 5.895823836326599121e-01
-2.262701541185379028e-01 1.884547621011734009e-01 6.715832948684692383e-01
-1.738853007555007935e-01 1.361068934202194214e-01 4.853160679340362549e-01
-2.187305688858032227e-01 1.394358873367309570e-01 6.076518893241882324e-01
-2.401321083307266235e-01 2.149477005004882812e-01 6.136953830718994141e-01
-1.986537128686904907e-01 1.302953511476516724e-01 5.363572835922241211e-01
-2.128141969442367554e-01 1.479807049036026001e-01 5.239848494529724121e-01
-2.271077334880828857e-01 1.640362143516540527e-01 5.189032554626464844e-01
-2.508107423782348633e-01 1.580877602100372314e-01 5.505443811416625977e-01
-2.448963224887847900e-01 1.605650931596755981e-01 5.332297086715698242e-01
-2.289474308490753174e-01 1.046429276466369629e-01 5.440595746040344238e-01
-2.111960202455520630e-01 1.230699270963668823e-01 4.945307970046997070e-01
-2.788895070552825928e-01 1.222702115774154663e-01 6.575989127159118652e-01
-3.188048005104064941e-01 1.654995530843734741e-01 6.131378412246704102e-01
-2.925277948379516602e-01 1.745812296867370605e-01 5.541480183601379395e-01
-2.964530587196350098e-01 1.169322654604911804e-01 5.339231491088867188e-01
-3.182263374328613281e-01 1.941497623920440674e-01 5.747490525245666504e-01
-3.092412650585174561e-01 1.390431672334671021e-01 5.368289947509765625e-01
-3.175835311412811279e-01 1.510658562183380127e-01 5.630382299423217773e-01
-3.190689682960510254e-01 7.671656459569931030e-02 5.737599730491638184e-01
-2.756834626197814941e-01 9.946835041046142578e-02 4.419162273406982422e-01
-3.047978281974792480e-01 1.064737960696220398e-01 4.911996722221374512e-01
-4.028386175632476807e-01 1.624993532896041870e-01 5.727364420890808105e-01
-3.946115672588348389e-01 1.977835446596145630e-01 5.871798396110534668e-01
-3.118285536766052246e-01 1.522879600524902344e-01 4.716876745223999023e-01
-4.228263199329376221e-01 1.135270372033119202e-01 5.829754471778869629e-01
-3.899300396442413330e-01 1.789809316396713257e-01 5.431383252143859863e-01
-3.553530573844909668e-01 1.144044548273086548e-01 4.786408245563507080e-01
-3.382963538169860840e-01 4.926456138491630554e-02 4.734832048416137695e-01
-3.686973750591278076e-01 1.622122079133987427e-01 4.430357515811920166e-01
-2.878804206848144531e-01 5.910641327500343323e-02 3.158082664012908936e-01
-4.476445913314819336e-01 1.393867582082748413e-01 5.325413346290588379e-01
-4.945673644542694092e-01 1.288413852453231812e-01 5.503471493721008301e-01
-4.259005486965179443e-01 1.036585122346878052e-01 4.303908646106719971e-01
-3.566460013389587402e-01 8.330671489238739014e-02 3.362469673156738281e-01
-4.176411628723144531e-01 9.072436392307281494e-02 3.799900114536285400e-01
-4.103931486606597900e-01 1.403194814920425415e-01 3.818617761135101318e-01
-4.391698539257049561e-01 1.373384296894073486e-01 4.074970185756683350e-01
-3.490759432315826416e-01 1.097383052110671997e-01 3.132971525192260742e-01
-5.184378027915954590e-01 1.630612164735794067e-01 4.147343337535858154e-01
-4.455833137035369873e-01 1.108799949288368225e-01 3.526668250560760498e-01
-4.378084838390350342e-01 1.410485357046127319e-01 3.589597642421722412e-01
-4.856804609298706055e-01 1.505433022975921631e-01 4.177670478820800781e-01
-3.734057843685150146e-01 1.288370788097381592e-01 3.457346558570861816e-01
-5.630395412445068359e-01 1.835307329893112183e-01 4.455933868885040283e-01
-4.960563480854034424e-01 1.968338936567306519e-01 3.944624364376068115e-01
-4.584137797355651855e-01 1.182826384902000427e-01 3.182089328765869141e-01
-4.626837968826293945e-01 1.252533197402954102e-01 3.146408796310424805e-01
-4.797171950340270996e-01 2.017053365707397461e-01 3.290898799896240234e-01
-5.246194601058959961e-01 2.010628432035446167e-01 3.724567890167236328e-01
-4.882299900054931641e-01 1.442437022924423218e-01 2.986794114112854004e-01
-5.231736302375793457e-01 2.236616462469100952e-01 3.692691624164581299e-01
-5.241779088973999023e-01 1.761881411075592041e-01 3.342150151729583740e-01
-5.127014517784118652e-01 1.739614009857177734e-01 2.847303152084350586e-01
-4.773362874984741211e-01 9.949889034032821655e-02 2.471997886896133423e-01
-4.068574905395507812e-01 1.315909773111343384e-01 1.959176957607269287e-01
-4.219925999641418457e-01 1.268871873617172241e-01 1.819263100624084473e-01
-5.384081602096557617e-01 1.503056138753890991e-01 2.346364408731460571e-01
-6.175051927566528320e-01 2.500958144664764404e-01 3.182084560394287109e-01
-5.098965167999267578e-01 1.489839702844619751e-01 2.430358529090881348e-01
-4.997506737709045410e-01 1.503578126430511475e-01 2.454192936420440674e-01
nan nan nan
-4.885452389717102051e-01 1.314742416143417358e-01 1.935076266527175903e-01
-5.519623756408691406e-01 2.036751359701156616e-01 2.205396890640258789e-01
-5.250604748725891113e-01 1.971476972103118896e-01 2.153366804122924805e-01
-5.158329010009765625e-01 1.750682443380355835e-01 2.129512727260589600e-01
-5.269718766212463379e-01 1.633639484643936157e-01 1.952645182609558105e-01
-5.866066217422485352e-01 2.457976490259170532e-01 2.169317603111267090e-01
-6.095631122589111328e-01 1.748198866844177246e-01 2.294719368219375610e-01
-6.688011884689331055e-01 2.285220324993133545e-01 2.085170894861221313e-01
-6.254820823669433594e-01 2.108556628227233887e-01 2.022142410278320312e-01
-6.572230458259582520e-01 2.349444478750228882e-01 1.941878795623779297e-01
-5.222592949867248535e-01 2.003866881132125854e-01 1.366838663816452026e-01
-5.288009643554687500e-01 1.287235021591186523e-01 8.912079036235809326e-02
-6.117113828659057617e-01 2.050183415412902832e-01 1.179794371128082275e-01
-6.272273063659667969e-01 1.844200193881988525e-01 9.146009385585784912e-02
-5.564805865287780762e-01 1.836392134428024292e-01 4.615779966115951538e-02
-5.538810491561889648e-01 1.763210743665695190e-01 5.494451522827148438e-02
-5.392473936080932617e-01 1.881756484508514404e-01 6.393176317214965820e-02
-5.536370277404785156e-01 1.700791567564010620e-01 1.312710717320442200e-02
-5.963615775108337402e-01 2.314829081296920776e-01 6.265214830636978149e-02
-7.062974572181701660e-01 2.620829641819000244e-01 5.899838358163833618e-02
-6.185904741287231445e-01 2.427945435047149658e-01 5.494482442736625671e-02
-5.602687597274780273e-01 1.700247526168823242e-01 -5.682955496013164520e-03
-5.996548533439636230e-01 2.284303158521652222e-01 1.854901900514960289e-03
-7.276747226715087891e-01 2.982438206672668457e-01 8.557020872831344604e-02
-5.847017168998718262e-01 2.038728147745132446e-01 -4.161161556839942932e-02
-6.661133170127868652e-01 2.743541896343231201e-01 -3.744070604443550110e-02
-6.258583068847656250e-01 2.667824625968933105e-01 -2.301718294620513916e-02
-7.028146982192993164e-01 2.762323319911956787e-01 2.016445808112621307e-02
-6.918829083442687988e-01 3.013654649257659912e-01 -4.147250950336456299e-02
-7.107484340667724609e-01 3.028303384780883789e-01 -6.016112491488456726e-02
-7.799571752548217773e-01 3.354969322681427002e-01 5.833587422966957092e-02
-7.589149475097656250e-01 3.427887856960296631e-01 -8.538431487977504730e-03
-7.598532438278198242e-01 3.475434482097625732e-01 2.277592755854129791e-02
-8.830233216285705566e-01 3.975738584995269775e-01 -7.785717025399208069e-04
-7.555416226387023926e-01 3.282280266284942627e-01 6.734202802181243896e-02
-7.728031873703002930e-01 3.138235807418823242e-01 -2.687673270702362061e-02
nan nan nan
nan nan nan
nan nan nan
nan nan nan
nan nan nan
-4.108427464962005615e-01 2.439223378896713257e-01 -7.468833327293395996e-01
-4.595915675163269043e-01 2.125003784894943237e-01 -7.167667746543884277e-01
-4.340932071208953857e-01 2.130783200263977051e-01 -5.946897268295288086e-01
-4.282253682613372803e-01 1.761216670274734497e-01 -5.309185385704040527e-01
-3.678618669509887695e-01 1.427895575761795044e-01 -5.787360072135925293e-01
-3.776378035545349121e-01 1.799422800540924072e-01 -5.316117405891418457e-01
nan nan nan
-4.559223949909210205e-01 1.653191000223159790e-01 -5.646032094955444336e-01
-3.554542362689971924e-01 9.075891971588134766e-02 -4.416717588901519775e-01
-3.374429643154144287e-01 9.270606935024261475e-02 -4.426655769348144531e-01
-3.588451147079467773e-01 1.010508835315704346e-01 -4.860841631889343262e-01
-3.567201197147369385e-01 1.508863121271133423e-01 -5.272940993309020996e-01
-2.989439070224761963e-01 1.627026051282882690e-01 -5.515391230583190918e-01
-2.832950949668884277e-01 1.237562894821166992e-01 -6.496110558509826660e-01
-3.138082921504974365e-01 1.500262171030044556e-01 -5.491714477539062500e-01
-2.451921403408050537e-01 6.434585899114608765e-02 -4.513722360134124756e-01
-3.074364960193634033e-01 1.401666551828384399e-01 -4.653596878051757812e-01
-2.801873683929443359e-01 8.949264138936996460e-02 -4.988459944725036621e-01
-2.455539554357528687e-01 1.068521067500114441e-01 -5.030873417854309082e-01
-2.204668372869491577e-01 9.942683577537536621e-02 -4.949527382850646973e-01
-2.173699885606765747e-01 1.044314354658126831e-01 -6.218439936637878418e-01
-2.135882377624511719e-01 1.023535281419754028e-01 -5.049056410789489746e-01
-1.547994911670684814e-01 5.847039446234703064e-02 -6.445088386535644531e-01
-1.676196008920669556e-01 9.795936942100524902e-02 -6.026220917701721191e-01
-1.344282776117324829e-01 9.775578975677490234e-02 -6.792300343513488770e-01
-1.575085073709487915e-01 7.512003928422927856e-02 -6.319304704666137695e-01
-1.727083176374435425e-01 6.272349506616592407e-02 -6.424782276153564453e-01
-1.483048349618911743e-01 5.739985778927803040e-02 -4.982300400733947754e-01
-1.436803638935089111e-01 9.936331957578659058e-02 -5.488861203193664551e-01
-1.737227439880371094e-01 6.276497989892959595e-02 -5.099157691001892090e-01
-1.138378605246543884e-01 8.950516581535339355e-03 -6.278302669525146484e-01
-1.102899610996246338e-01 8.545644581317901611e-02 -6.833685636520385742e-01
-9.501400589942932129e-02 4.874404892325401306e-02 -5.003773570060729980e-01
-9.920011460781097412e-02 6.602940708398818970e-02 -5.463935732841491699e-01
-1.024556905031204224e-01 3.769974783062934875e-02 -5.497283935546875000e-01
-5.977938696742057800e-02 2.770572341978549957e-02 -5.507037639617919922e-01
-3.221196681261062622e-02 6.565584242343902588e-02 -7.003051042556762695e-01
-4.455575346946716309e-02 1.127458643168210983e-02 -5.777643322944641113e-01
-5.626898631453514099e-02 3.274166258051991463e-03 -4.953697919845581055e-01
2.322673238813877106e-02 -1.381379272788763046e-02 -6.982316374778747559e-01
5.231022834777832031e-02 -1.597502455115318298e-02 -6.533975005149841309e-01
-5.139939859509468079e-02 4.884661029791459441e-05 -4.727956950664520264e-01
-3.404041379690170288e-02 -1.410707016475498676e-03 -5.001826882362365723e-01
8.675711229443550110e-03 7.588964072056114674e-04 -6.002930402755737305e-01
2.287907525897026062e-02 -1.578245684504508972e-02 -5.734809637069702148e-01
-7.957131601870059967e-03 2.164227887988090515e-02 -4.609305262565612793e-01
3.078529844060540199e-03 -1.679680682718753815e-02 -4.649772644042968750e-01
8.833850175142288208e-02 -3.359790146350860596e-02 -6.144878268241882324e-01
8.399361371994018555e-02 -4.739084746688604355e-03 -6.317527890205383301e-01
2.535315230488777161e-02 -6.176867755129933357e-04 -5.306550860404968262e-01
8.075477182865142822e-02 -3.340902924537658691e-02 -6.017657518386840820e-01
1.494400352239608765e-01 1.169193163514137268e-02 -6.240129470825195312e-01
1.053274795413017273e-01 -1.465345080941915512e-02 -5.866227149963378906e-01
6.477333605289459229e-02 9.727468714118003845e-04 -4.826422929763793945e-01
9.892848134040832520e-02 -4.080917220562696457e-03 -4.718278050422668457e-01
1.197385415434837341e-01 -5.480306223034858704e-02 -5.482233166694641113e-01
1.288478821516036987e-01 -8.909762836992740631e-03 -5.757389068603515625e-01
1.824628561735153198e-01 -1.602061092853546143e-02 -6.374365687370300293e-01
1.648264080286026001e-01 -3.149731829762458801e-02 -5.633367896080017090e-01
1.373304277658462524e-01 -1.430680509656667709e-02 -5.071652531623840332e-01
1.123611032962799072e-01 -2.929524891078472137e-02 -4.137631952762603760e-01
1.846189945936203003e-01 -5.242535844445228577e-02 -5.371718406677246094e-01
1.814886033535003662e-01 -4.758323729038238525e-02 -5.808963775634765625e-01
2.241055071353912354e-01 -3.709610551595687866e-02 -6.143496036529541016e-01
1.247822344303131104e-01 -1.449689734727144241e-02 -3.745909929275512695e-01
1.231810301542282104e-01 2.226664870977401733e-02 -3.678830564022064209e-01
nan nan nan
1.634437888860702515e-01 -1.598506607115268707e-02 -4.393350183963775635e-01
1.733688414096832275e-01 -3.330649435520172119e-02 -4.391922950744628906e-01
1.865744888782501221e-01 3.835671581327915192e-03 -4.193311631679534912e-01
2.089510560035705566e-01 -4.564005509018898010e-02 -4.006618261337280273e-01
2.398653030395507812e-01 -1.552585419267416000e-02 -4.984679818153381348e-01
2.925388514995574951e-01 -3.724522516131401062e-02 -5.439705848693847656e-01
3.022070527076721191e-01 -8.547665551304817200e-03 -5.319618582725524902e-01
2.851013541221618652e-01 -1.552016381174325943e-02 -5.057463645935058594e-01
2.337642014026641846e-01 -9.083813987672328949e-03 -4.045234918594360352e-01
2.640796601772308350e-01 -3.003833116963505745e-03 -4.458261728286743164e-01
3.433680534362792969e-01 -3.458101302385330200e-02 -5.911137461662292480e-01
2.610270977020263672e-01 -2.184932306408882141e-02 -4.099637269973754883e-01
3.351273238658905029e-01 -5.453519988805055618e-03 -4.919671714305877686e-01
2.498414367437362671e-01 6.347571499645709991e-03 -3.498697280883789062e-01
1.950641125440597534e-01 7.310783490538597107e-03 -2.585429549217224121e-01
3.163528740406036377e-01 1.095894910395145416e-02 -4.218538403511047363e-01
3.832569420337677002e-01 1.054514385759830475e-02 -5.415164232254028320e-01
4.193994998931884766e-01 2.763391658663749695e-02 -5.195182561874389648e-01
3.264315426349639893e-01 2.193869836628437042e-02 -4.049015641212463379e-01
3.151119351387023926e-01 6.415201816707849503e-03 -3.637145161628723145e-01
4.289511144161224365e-01 -6.441466510295867920e-03 -5.206852555274963379e-01
4.326258301734924316e-01 2.786531858146190643e-02 -5.570667982101440430e-01
4.628471732139587402e-01 2.321389969438314438e-03 -5.284494161605834961e-01
4.494032561779022217e-01 2.358221448957920074e-02 -4.911165535449981689e-01
3.692287206649780273e-01 1.025118515826761723e-03 -3.508969843387603760e-01
4.231770336627960205e-01 -3.232744289562106133e-03 -4.581579267978668213e-01
3.145005106925964355e-01 -1.589506427990272641e-04 -2.844983637332916260e-01
4.183308184146881104e-01 1.791779883205890656e-02 -4.079262316226959229e-01
4.166881144046783447e-01 -2.058718167245388031e-02 -3.778339624404907227e-01
4.201515614986419678e-01 1.974598737433552742e-03 -3.684123456478118896e-01
4.971189498901367188e-01 4.075479507446289062e-02 -4.812084436416625977e-01
5.933775901794433594e-01 3.291729465126991272e-02 -5.246293544769287109e-01
5.242927074432373047e-01 5.804525315761566162e-02 -4.666420221328735352e-01
5.096770524978637695e-01 3.963566571474075317e-02 -3.811517953872680664e-01
3.805533051490783691e-01 4.441965371370315552e-02 -2.369164973497390747e-01
4.529765844345092773e-01 7.250358909368515015e-02 -3.364678919315338135e-01
5.088620781898498535e-01 1.984192244708538055e-02 -3.273674249649047852e-01
4.732747972011566162e-01 5.313015729188919067e-02 -3.783694803714752197e-01
5.478557348251342773e-01 3.451934456825256348e-02 -4.142213165760040283e-01
5.138075351715087891e-01 3.268817067146301270e-02 -3.590968847274780273e-01
4.734100401401519775e-01 7.945139706134796143e-02 -2.286230027675628662e-01
5.422970056533813477e-01 8.111763745546340942e-02 -3.635809123516082764e-01
5.456559658050537109e-01 8.914712071418762207e-02 -3.277503848075866699e-01
5.468766093254089355e-01 7.397054880857467651e-02 -2.945110201835632324e-01
4.846857786178588867e-01 7.495582848787307739e-02 -2.441220134496688843e-01
4.960764348506927490e-01 8.312748372554779053e-02 -2.430844902992248535e-01
5.636064410209655762e-01 1.115870475769042969e-01 -3.578957915306091309e-01
6.303755640983581543e-01 1.213490962982177734e-01 -2.875810265541076660e-01
5.806693434715270996e-01 6.119324266910552979e-02 -2.940751314163208008e-01
5.263696312904357910e-01 1.016018837690353394e-01 -2.234988510608673096e-01
5.578624606132507324e-01 8.981760591268539429e-02 -2.364267110824584961e-01
5.898622274398803711e-01 1.009669527411460876e-01 -2.691424489021301270e-01
5.724687576293945312e-01 1.008839458227157593e-01 -2.656922340393066406e-01
6.751578450202941895e-01 1.063926070928573608e-01 -2.849338352680206299e-01
5.849477648735046387e-01 1.258771419525146484e-01 -2.170412689447402954e-01
5.891071557998657227e-01 1.302902996540069580e-01 -2.452466487884521484e-01
4.931215643882751465e-01 1.163761466741561890e-01 -9.303097426891326904e-02
6.358352899551391602e-01 1.499829888343811035e-01 -2.009051442146301270e-01
6.788835525512695312e-01 1.426412016153335571e-01 -2.345526367425918579e-01
6.702477335929870605e-01 1.244369000196456909e-01 -2.339040935039520264e-01
5.660701394081115723e-01 1.391358077526092529e-01 -8.922336250543594360e-02
7.102530598640441895e-01 1.809138506650924683e-01 -2.049360275268554688e-01
6.985613107681274414e-01 1.890026330947875977e-01 -2.232498526573181152e-01
6.663042902946472168e-01 2.237391322851181030e-01 -1.639177054166793823e-01
7.143406867980957031e-01 1.775193810462951660e-01 -1.900924295186996460e-01
5.886134505271911621e-01 1.874845027923583984e-01 -7.727689296007156372e-02
7.295775413513183594e-01 1.995721757411956787e-01 -8.990695327520370483e-02
7.200281023979187012e-01 2.073926478624343872e-01 -1.851374357938766479e-01
7.116100192070007324e-01 1.553939282894134521e-01 -1.167459785938262939e-01
6.988663077354431152e-01 2.169828861951828003e-01 -1.199873313307762146e-01
7.135060429573059082e-01 1.899375021457672119e-01 -6.707655638456344604e-02
7.285066246986389160e-01 2.257078737020492554e-01 -9.265111386775970459e-02
8.025184869766235352e-01 2.217002809047698975e-01 -1.410680860280990601e-01
7.110777497291564941e-01 2.505783438682556152e-01 -1.428472250699996948e-01
7.420825362205505371e-01 2.084669023752212524e-01 -2.771521545946598053e-02
7.550067901611328125e-01 2.243591099977493286e-01 -5.628708377480506897e-02
8.069330453872680664e-01 2.784937918186187744e-01 -7.203288376331329346e-02
7.989327907562255859e-01 2.916146218776702881e-01 -9.359903633594512939e-02
7.687751054763793945e-01 2.574402391910552979e-01 -1.378307584673166275e-02
7.498121261596679688e-01 2.467339336872100830e-01 2.254430204629898071e-02
7.776466012001037598e-01 2.681965827941894531e-01 3.705784305930137634e-02
7.917488217353820801e-01 3.016227185726165771e-01 -3.311429172754287720e-02
9.064980745315551758e-01 3.038790822029113770e-01 -2.524204179644584656e-02
9.162652492523193359e-01 3.087047338485717773e-01 -3.317546844482421875e-02
8.601651787757873535e-01 3.194368183612823486e-01 -2.015320770442485809e-02
8.737639784812927246e-01 3.437845408916473389e-01 1.096946559846401215e-02
8.310085535049438477e-01 3.186853826045989990e-01 7.721174973994493484e-03
9.302207231521606445e-01 3.603197336196899414e-01 -6.172700785100460052e-03
9.154309630393981934e-01 3.620187044143676758e-01 -5.243605375289916992e-02
1.056600332260131836e+00 4.494291841983795166e-01 1.967882551252841949e-02
nan nan nan
nan nan nan
nan nan nan
nan nan nan
1.254463434219360352e+00 2.998946309089660645e-01 6.638050824403762817e-02
9.987884759902954102e-01 2.321516424417495728e-01 1.054862663149833679e-01
1.010571360588073730e+00 3.104724586009979248e-01 8.421248942613601685e-02
9.916834831237792969e-01 2.903992235660552979e-01 5.258042737841606140e-02
9.380791783332824707e-01 2.802803814411163330e-01 4.561784118413925171e-02
9.798825383186340332e-01 2.434601187705993652e-01 1.197003498673439026e-01
9.561519622802734375e-01 3.012259006500244141e-01 8.853478729724884033e-02
9.491820335388183594e-01 1.742833852767944336e-01 1.108018159866333008e-01
9.091421961784362793e-01 2.291934341192245483e-01 7.196398824453353882e-02
9.461345076560974121e-01 1.810662150382995605e-01 6.083054468035697937e-02
8.187978267669677734e-01 2.092475891113281250e-01 7.344032078981399536e-02
8.239066600799560547e-01 1.610365658998489380e-01 9.575398266315460205e-02
8.348323702812194824e-01 1.611279696226119995e-01 8.468785881996154785e-02
8.144854307174682617e-01 1.585360467433929443e-01 7.872425019741058350e-02
8.432990908622741699e-01 9.208922088146209717e-02 6.593941897153854370e-02
7.911718487739562988e-01 1.173895448446273804e-01 9.927361458539962769e-02
8.936725258827209473e-01 1.555728167295455933e-01 5.473859608173370361e-02
8.835609555244445801e-01 1.114864200353622437e-01 5.741821974515914917e-02
7.829650044441223145e-01 9.256929159164428711e-02 9.156539291143417358e-02
7.895805835723876953e-01 4.882260411977767944e-02 7.502272725105285645e-02
8.247981667518615723e-01 4.059175774455070496e-02 6.744187325239181519e-02
7.557903528213500977e-01 3.680514171719551086e-02 6.190821528434753418e-02
6.661518216133117676e-01 6.198932975530624390e-02 6.825175136327743530e-02
6.916544437408447266e-01 5.864069610834121704e-02 7.219660282135009766e-02
8.060045838356018066e-01 -3.551157936453819275e-02 -1.355844084173440933e-02
7.913680672645568848e-01 5.190246272832155228e-03 4.210168868303298950e-02
6.840803623199462891e-01 3.622933058068156242e-03 4.127282649278640747e-02
6.422297954559326172e-01 3.755865991115570068e-02 -1.434420468285679817e-03
7.661155462265014648e-01 -4.066885262727737427e-02 3.074934147298336029e-02
6.815876364707946777e-01 -3.732007369399070740e-02 6.778387725353240967e-02
6.569078564643859863e-01 1.318852324038743973e-02 2.378209494054317474e-02
6.958858370780944824e-01 -5.685650184750556946e-02 6.311648339033126831e-02
8.008754849433898926e-01 -2.447530440986156464e-02 -2.387951128184795380e-02
7.311796545982360840e-01 -8.222553879022598267e-02 3.962054848670959473e-02
7.288590669631958008e-01 -6.394098699092864990e-02 -1.794487424194812775e-02
6.114648580551147461e-01 -6.242996454238891602e-02 1.509019825607538223e-02
6.083308458328247070e-01 -5.618333071470260620e-02 -5.400369409471750259e-03
6.839147806167602539e-01 -8.886216580867767334e-02 -6.057682912796735764e-03
6.702421307563781738e-01 -9.563294798135757446e-02 1.023528818041086197e-02
5.837696790695190430e-01 -8.072131127119064331e-02 -6.989728659391403198e-03
5.798164606094360352e-01 -1.224843189120292664e-01 3.104908950626850128e-02
6.446537971496582031e-01 -1.349318772554397583e-01 -5.685364827513694763e-02
6.413941979408264160e-01 -1.253670156002044678e-01 -1.553222071379423141e-02
6.015726923942565918e-01 -1.252386420965194702e-01 1.379269175231456757e-02
6.832003593444824219e-01 -1.576205790042877197e-01 -3.582982718944549561e-02
6.969276070594787598e-01 -1.705184876918792725e-01 -7.538308203220367432e-02
5.647935867309570312e-01 -1.327619105577468872e-01 -4.541990160942077637e-02
5.642826557159423828e-01 -6.424576789140701294e-02 -7.711765915155410767e-02
6.232914328575134277e-01 -1.386769115924835205e-01 -4.485895857214927673e-02
9.522101879119873047e-01 -2.956831753253936768e-01 -1.585437506437301636e-01
6.106150746345520020e-01 -1.953390687704086304e-01 -6.694432348012924194e-02
5.079649686813354492e-01 -1.788949072360992432e-01 -4.050207138061523438e-02
6.341927051544189453e-01 -2.531893551349639893e-01 -4.684503376483917236e-02
5.375480055809020996e-01 -2.057970017194747925e-01 -6.452532112598419189e-02
5.825988054275512695e-01 -2.361498773097991943e-01 -6.463870406150817871e-02
4.601678550243377686e-01 -1.691645234823226929e-01 -4.244729876518249512e-02
4.098014533519744873e-01 -1.437309980392456055e-01 -4.372429475188255310e-02
5.660104155540466309e-01 -2.025195956230163574e-01 -1.574351042509078979e-01
5.387436151504516602e-01 -2.475809156894683838e-01 -9.946946054697036743e-02
5.270403623580932617e-01 -2.639856934547424316e-01 -8.500870317220687866e-02
5.064212083816528320e-01 -2.691347897052764893e-01 -9.507085382938385010e-02
5.520218610763549805e-01 -3.071213066577911377e-01 -7.815361022949218750e-02
5.516042709350585938e-01 -2.942962944507598877e-01 -1.266413629055023193e-01
4.768261313438415527e-01 -2.713380753993988037e-01 -7.944469898939132690e-02
5.395883917808532715e-01 -3.282704353332519531e-01 -1.282114386558532715e-01
5.757677555084228516e-01 -3.320915997028350830e-01 -8.497720956802368164e-02
4.987051486968994141e-01 -3.258822262287139893e-01 -9.609407931566238403e-02
5.413598418235778809e-01 -3.444468975067138672e-01 -8.030065149068832397e-02
4.713513851165771484e-01 -3.043313324451446533e-01 -1.269136071205139160e-01
5.854182243347167969e-01 -3.646656572818756104e-01 -1.891259253025054932e-01
5.804609060287475586e-01 -3.669769763946533203e-01 -1.470632404088973999e-01
4.156786799430847168e-01 -2.690047919750213623e-01 -7.251834869384765625e-02
4.220025241374969482e-01 -3.092333674430847168e-01 -9.222330898046493530e-02
4.075480699539184570e-01 -3.283109068870544434e-01 -8.317133039236068726e-02
4.225990176200866699e-01 -3.199093937873840332e-01 -1.087066978216171265e-01
4.500799477100372314e-01 -3.289982676506042480e-01 -1.472143530845642090e-01
4.361395239830017090e-01 -3.700693547725677490e-01 -1.076430901885032654e-01
4.700711071491241455e-01 -3.792667984962463379e-01 -1.182649880647659302e-01
4.393265247344970703e-01 -3.916741311550140381e-01 -1.086071059107780457e-01
5.438464879989624023e-01 -4.432562887668609619e-01 -1.829995959997177124e-01
5.126459598541259766e-01 -4.367176890373229980e-01 -2.125687152147293091e-01
4.441171288490295410e-01 -4.060173034667968750e-01 -1.636393815279006958e-01
4.078578352928161621e-01 -4.102222323417663574e-01 -1.560041308403015137e-01
3.648382723331451416e-01 -3.568032085895538330e-01 -1.253638118505477905e-01
3.973466157913208008e-01 -3.718229532241821289e-01 -2.229477316141128540e-01
4.440180361270904541e-01 -4.500509500503540039e-01 -2.488384246826171875e-01
4.230114817619323730e-01 -4.803488254547119141e-01 -1.808700412511825562e-01
4.239106476306915283e-01 -4.487116336822509766e-01 -1.769907027482986450e-01
2.624952197074890137e-01 -3.048330247402191162e-01 -1.147597059607505798e-01
3.116375207901000977e-01 -3.566779792308807373e-01 -1.638037413358688354e-01
4.269199073314666748e-01 -4.524050056934356689e-01 -1.504609882831573486e-01
4.941368401050567627e-01 -5.252702832221984863e-01 -2.455156445503234863e-01
3.821631669998168945e-01 -4.506624042987823486e-01 -1.647827923297882080e-01
4.143920838832855225e-01 -5.011556744575500488e-01 -1.540879309177398682e-01
3.170047700405120850e-01 -4.200974106788635254e-01 -1.369365453720092773e-01
3.555055260658264160e-01 -4.578872025012969971e-01 -1.723983734846115112e-01
4.100130498409271240e-01 -5.203709602355957031e-01 -2.281687706708908081e-01
3.981748521327972412e-01 -5.395447611808776855e-01 -1.667463332414627075e-01
3.266486823558807373e-01 -4.976525008678436279e-01 -1.235072389245033264e-01
3.770025074481964111e-01 -5.127176642417907715e-01 -2.059423625469207764e-01
3.825301826000213623e-01 -5.441328883171081543e-01 -1.865423619747161865e-01
3.561761975288391113e-01 -5.169648528099060059e-01 -2.284198105335235596e-01
2.801309525966644287e-01 -4.304836988449096680e-01 -2.063468545675277710e-01
3.444152176380157471e-01 -5.321769714355468750e-01 -2.208764851093292236e-01
3.087894320487976074e-01 -4.753816425800323486e-01 -1.528894007205963135e-01
3.103553950786590576e-01 -4.982860982418060303e-01 -1.820007562637329102e-01
2.897445261478424072e-01 -4.901574254035949707e-01 -1.738537251949310303e-01
3.728813529014587402e-01 -5.657792687416076660e-01 -2.410568594932556152e-01
2.904380559921264648e-01 -4.991014003753662109e-01 -2.457582205533981323e-01
2.375641912221908569e-01 -4.103583395481109619e-01 -2.206603586673736572e-01
3.048319518566131592e-01 -5.579028129577636719e-01 -1.725382059812545776e-01
3.573590815067291260e-01 -5.725831389427185059e-01 -3.051945567131042480e-01
3.063481748104095459e-01 -4.869476556777954102e-01 -2.676514387130737305e-01
2.666577398777008057e-01 -5.105968117713928223e-01 -2.384320646524429321e-01
2.802936732769012451e-01 -5.537024736404418945e-01 -2.567982077598571777e-01
3.061422705650329590e-01 -5.730166435241699219e-01 -1.694651395082473755e-01
2.124802172183990479e-01 -4.576878547668457031e-01 -2.228953242301940918e-01
2.984214425086975098e-01 -5.076320171356201172e-01 -3.006223142147064209e-01
2.909077107906341553e-01 -5.588232874870300293e-01 -3.037908077239990234e-01
3.043159544467926025e-01 -6.379411816596984863e-01 -2.603700459003448486e-01
2.889021337032318115e-01 -6.401062011718750000e-01 -3.115639984607696533e-01
2.040290385484695435e-01 -5.750774741172790527e-01 -2.329581379890441895e-01
2.130979299545288086e-01 -5.160121321678161621e-01 -2.268285900354385376e-01
2.652816176414489746e-01 -6.271390914916992188e-01 -2.730318605899810791e-01
2.335650324821472168e-01 -5.706323385238647461e-01 -3.044463396072387695e-01
1.595680266618728638e-01 -5.142599344253540039e-01 -2.062503099441528320e-01
1.568336188793182373e-01 -4.880021214485168457e-01 -1.987778395414352417e-01
1.862577050924301147e-01 -5.590013265609741211e-01 -2.635607719421386719e-01
2.064318656921386719e-01 -5.544700026512145996e-01 -2.408152520656585693e-01
2.129142284393310547e-01 -7.024357318878173828e-01 -3.380086421966552734e-01
1.831671744585037231e-01 -6.779232621192932129e-01 -2.566136419773101807e-01
1.386838555335998535e-01 -5.163708329200744629e-01 -2.807349562644958496e-01
1.520809680223464966e-01 -5.696936845779418945e-01 -2.273304164409637451e-01
1.626714169979095459e-01 -6.582753062248229980e-01 -2.823722064495086670e-01
1.976889818906784058e-01 -6.381436586380004883e-01 -3.436689376831054688e-01
1.381588727235794067e-01 -6.473342776298522949e-01 -2.891386747360229492e-01
1.193684041500091553e-01 -5.450184345245361328e-01 -2.727501690387725830e-01
1.074837893247604370e-01 -5.759944915771484375e-01 -2.654922306537628174e-01
2.281647771596908569e-01 -6.532058715820312500e-01 -3.756763935089111328e-01
1.648052483797073364e-01 -5.880320668220520020e-01 -3.166473209857940674e-01
1.546643972396850586e-01 -6.031293272972106934e-01 -3.198563158512115479e-01
1.390226036310195923e-01 -5.543450713157653809e-01 -3.220540285110473633e-01
1.232869178056716919e-01 -5.939260721206665039e-01 -3.327035009860992432e-01
1.438379734754562378e-01 -5.476185679435729980e-01 -3.695446550846099854e-01
1.760582774877548218e-01 -6.761757135391235352e-01 -3.578254282474517822e-01
1.656901836395263672e-01 -6.432906985282897949e-01 -3.613558709621429443e-01
1.235196664929389954e-01 -6.399405598640441895e-01 -3.309114575386047363e-01
9.942916780710220337e-02 -5.624973177909851074e-01 -3.266555070877075195e-01
9.497471153736114502e-02 -5.882362127304077148e-01 -2.982620298862457275e-01
1.129595264792442322e-01 -5.891284346580505371e-01 -3.787983655929565430e-01
9.279874712228775024e-02 -6.676493883132934570e-01 -3.584590554237365723e-01
4.031703993678092957e-02 -5.858353972434997559e-01 -2.641385793685913086e-01
6.205613166093826294e-02 -5.319871902465820312e-01 -3.262575566768646240e-01
8.326589316129684448e-02 -6.444070339202880859e-01 -3.585888445377349854e-01
1.326802521944046021e-01 -6.437280774116516113e-01 -4.488134980201721191e-01
9.233959019184112549e-02 -6.122510433197021484e-01 -4.056293070316314697e-01
6.247762218117713928e-02 -6.351997852325439453e-01 -3.248247802257537842e-01
8.851930499076843262e-02 -6.417477726936340332e-01 -4.717786908149719238e-01
9.012676030397415161e-02 -5.761563777923583984e-01 -4.317016601562500000e-01
2.019536308944225311e-02 -4.379917383193969727e-01 -3.178689181804656982e-01
1.091210506274364889e-04 -5.796156525611877441e-01 -3.292999565601348877e-01
4.994957149028778076e-02 -6.842083930969238281e-01 -3.378790318965911865e-01
5.908175557851791382e-02 -6.888574361801147461e-01 -4.172125458717346191e-01
5.386905372142791748e-02 -6.684675216674804688e-01 -4.257253408432006836e-01
1.853937096893787384e-02 -5.662894845008850098e-01 -3.990581631660461426e-01
4.984326660633087158e-02 -5.491805672645568848e-01 -4.096140563488006592e-01
5.299951415508985519e-03 -5.505651235580444336e-01 -3.978772759437561035e-01
-1.715722121298313141e-02 -6.435210108757019043e-01 -4.036353230476379395e-01
-1.172962505370378494e-02 -5.684300661087036133e-01 -3.617415130138397217e-01
-2.329736575484275818e-02 -5.488275289535522461e-01 -3.936243057250976562e-01
2.593181282281875610e-02 -6.077342629432678223e-01 -4.486599266529083252e-01
3.821846842765808105e-02 -6.772062778472900391e-01 -5.922727584838867188e-01
-9.842278435826301575e-03 -6.957330107688903809e-01 -4.207876324653625488e-01
-7.507803291082382202e-02 -6.401758790016174316e-01 -4.023296833038330078e-01
-4.510869830846786499e-02 -5.740694999694824219e-01 -4.232216775417327881e-01
-8.405584841966629028e-02 -5.586113333702087402e-01 -4.047917127609252930e-01
-3.763014823198318481e-02 -5.188239812850952148e-01 -4.121026694774627686e-01
-9.944564849138259888e-02 -5.070044398307800293e-01 -3.133280575275421143e-01
-8.943586796522140503e-02 -5.260930657386779785e-01 -3.409063220024108887e-01
-6.034648045897483826e-02 -5.494488477706909180e-01 -3.777381777763366699e-01
-9.610345959663391113e-02 -5.970328450202941895e-01 -3.995643854141235352e-01
-5.480893328785896301e-02 -5.984290838241577148e-01 -4.358507990837097168e-01
-5.625358223915100098e-02 -4.599149227142333984e-01 -4.283277094364166260e-01
-8.266758918762207031e-02 -5.938894152641296387e-01 -4.946123063564300537e-01
-8.472529798746109009e-02 -6.405071020126342773e-01 -5.385676026344299316e-01
-1.060565561056137085e-01 -4.324792921543121338e-01 -3.447619974613189697e-01
-8.510904014110565186e-02 -5.330321788787841797e-01 -5.128623247146606445e-01
-1.181769296526908875e-01 -4.067929983139038086e-01 -3.800267279148101807e-01
-9.346169233322143555e-02 -5.655383467674255371e-01 -5.434443354606628418e-01
-1.831651628017425537e-01 -5.687153339385986328e-01 -4.844533801078796387e-01
-1.177239045500755310e-01 -5.448624491691589355e-01 -6.109408140182495117e-01
-1.516398042440414429e-01 -4.915836751461029053e-01 -4.258811175823211670e-01
-1.638728678226470947e-01 -5.481271147727966309e-01 -5.368855595588684082e-01
-1.484625041484832764e-01 -5.261579751968383789e-01 -4.994105994701385498e-01
-1.348106861114501953e-01 -4.807124137878417969e-01 -4.864887297153472900e-01
-1.191249936819076538e-01 -5.014033913612365723e-01 -5.320492386817932129e-01
-1.132902055978775024e-01 -4.405419230461120605e-01 -4.573006033897399902e-01
-1.342804431915283203e-01 -4.489853680133819580e-01 -4.927398264408111572e-01
-2.202955782413482666e-01 -4.635753929615020752e-01 -4.867982864379882812e-01
-2.004000693559646606e-01 -4.817487001419067383e-01 -5.485361814498901367e-01
-2.132546454668045044e-01 -4.979580640792846680e-01 -5.623703598976135254e-01
-1.848297715187072754e-01 -4.460963010787963867e-01 -5.273476839065551758e-01
-2.023264020681381226e-01 -3.984974920749664307e-01 -4.621579945087432861e-01
-1.910420209169387817e-01 -4.377039968967437744e-01 -4.653758108615875244e-01
-1.776065826416015625e-01 -4.197359085083007812e-01 -4.806332290172576904e-01
-1.742349863052368164e-01 -4.878047704696655273e-01 -6.293756365776062012e-01
-2.481203526258468628e-01 -5.038697123527526855e-01 -4.953131973743438721e-01
-2.367383986711502075e-01 -4.593492150306701660e-01 -5.359074473381042480e-01
-2.343720644712448120e-01 -4.611620306968688965e-01 -4.795842766761779785e-01
-2.457382827997207642e-01 -4.764246642589569092e-01 -6.621495485305786133e-01
-3.005349040031433105e-01 -4.565707147121429443e-01 -6.066756844520568848e-01
-2.224661260843276978e-01 -4.268528819084167480e-01 -5.693129897117614746e-01
-2.575765252113342285e-01 -5.107710361480712891e-01 -5.993122458457946777e-01
-2.065846025943756104e-01 -3.776802122592926025e-01 -5.715467333793640137e-01
-2.594764232635498047e-01 -4.001405835151672363e-01 -5.400455594062805176e-01
-2.727955579757690430e-01 -4.215226471424102783e-01 -5.800802707672119141e-01
-2.683385014533996582e-01 -4.406937062740325928e-01 -5.315618515014648438e-01
-2.653765082359313965e-01 -4.221084117889404297e-01 -5.162610411643981934e-01
-2.891406118869781494e-01 -4.192329943180084229e-01 -6.334313154220581055e-01
-2.656529545783996582e-01 -3.386689126491546631e-01 -5.608510971069335938e-01
-3.162495791912078857e-01 -4.164461791515350342e-01 -5.635124444961547852e-01
-2.674056589603424072e-01 -3.336943984031677246e-01 -5.153948068618774414e-01
-2.647097110748291016e-01 -3.673405945301055908e-01 -5.338049530982971191e-01
-2.948150038719177246e-01 -3.885890841484069824e-01 -5.874109864234924316e-01
-3.631805181503295898e-01 -3.686481714248657227e-01 -5.006315708160400391e-01
-3.543344736099243164e-01 -3.728432953357696533e-01 -5.615455508232116699e-01
-2.741795182228088379e-01 -3.864003717899322510e-01 -6.872125864028930664e-01
-3.057328164577484131e-01 -3.358919322490692139e-01 -6.206858754158020020e-01
-3.031063675880432129e-01 -3.568551838397979736e-01 -6.081714034080505371e-01
-3.169221878051757812e-01 -3.624803125858306885e-01 -5.974990129470825195e-01
-3.426392376422882080e-01 -3.543381690979003906e-01 -6.522013545036315918e-01
-3.195918798446655273e-01 -3.546433448791503906e-01 -6.476131081581115723e-01
-3.423739075660705566e-01 -3.197955787181854248e-01 -4.955618977546691895e-01
-3.048563301563262939e-01 -2.537089884281158447e-01 -4.603764712810516357e-01
-3.678022325038909912e-01 -3.369691371917724609e-01 -5.281234979629516602e-01
-3.459299206733703613e-01 -3.353785276412963867e-01 -6.609219908714294434e-01
-3.884016275405883789e-01 -3.494863808155059814e-01 -6.214476227760314941e-01
-3.511404991149902344e-01 -2.892004549503326416e-01 -5.280169248580932617e-01
-3.911890089511871338e-01 -2.870342433452606201e-01 -5.611445307731628418e-01
-3.259091079235076904e-01 -2.209763973951339722e-01 -5.840135812759399414e-01
-2.921850979328155518e-01 -2.215596288442611694e-01 -5.415326952934265137e-01
-3.472951352596282959e-01 -2.389859110116958618e-01 -5.511771440505981445e-01
-4.055554568767547607e-01 -3.177679479122161865e-01 -6.682705879211425781e-01
-3.782910704612731934e-01 -2.220684587955474854e-01 -6.227650046348571777e-01
-4.062090814113616943e-01 -2.674148976802825928e-01 -6.257725358009338379e-01
-3.842989206314086914e-01 -2.447793781757354736e-01 -5.592626333236694336e-01
-4.584440290927886963e-01 -2.759985923767089844e-01 -6.154643893241882324e-01
-3.946314156055450439e-01 -2.066805064678192139e-01 -7.325766086578369141e-01
-3.533474504947662354e-01 -1.810329705476760864e-01 -4.999350905418395996e-01
-3.944567739963531494e-01 -1.995121538639068604e-01 -5.212559103965759277e-01
-4.402778148651123047e-01 -2.343268692493438721e-01 -6.858585476875305176e-01
-4.341333508491516113e-01 -2.432726472616195679e-01 -6.813977360725402832e-01
-3.745383918285369873e-01 -1.495878845453262329e-01 -5.961470007896423340e-01
-4.612223207950592041e-01 -1.986491829156875610e-01 -6.966440081596374512e-01
-4.216108918190002441e-01 -1.772110015153884888e-01 -5.794404149055480957e-01
-4.158874154090881348e-01 -1.506121605634689331e-01 -6.317021846771240234e-01
-4.310875236988067627e-01 -1.423653215169906616e-01 -6.862887740135192871e-01
-4.905754625797271729e-01 -1.701134145259857178e-01 -6.957975029945373535e-01
-4.122938215732574463e-01 -8.512467890977859497e-02 -6.847339868545532227e-01
-4.382999539375305176e-01 -1.133839935064315796e-01 -6.076028943061828613e-01
-3.795511126518249512e-01 -1.025825217366218567e-01 -4.955268800258636475e-01
-4.491578042507171631e-01 -6.268513947725296021e-02 -6.042153239250183105e-01
-4.625282883644104004e-01 -1.160660162568092346e-01 -6.091669201850891113e-01
-4.942657649517059326e-01 -9.815761446952819824e-02 -6.518960595130920410e-01
-4.345575571060180664e-01 -8.103214204311370850e-02 -6.000424027442932129e-01
-4.680266380310058594e-01 -5.537721142172813416e-02 -6.741958856582641602e-01
-4.554894566535949707e-01 -3.996106609702110291e-02 -6.353626251220703125e-01
-4.947576522827148438e-01 -3.018913790583610535e-02 -6.543835401535034180e-01
-4.820996522903442383e-01 -4.902645200490951538e-02 -7.337749004364013672e-01
-4.824204742908477783e-01 -1.284954510629177094e-02 -6.569831371307373047e-01
-4.450800716876983643e-01 1.929927244782447815e-02 -6.359226703643798828e-01
-4.682245850563049316e-01 -3.458027541637420654e-02 -6.952106952667236328e-01
-4.668966233730316162e-01 8.205072022974491119e-03 -6.107144355773925781e-01
-4.960065484046936035e-01 2.695038728415966034e-02 -6.933050751686096191e-01
-4.888375401496887207e-01 1.511730905622243881e-02 -5.885447859764099121e-01
-4.839214384555816650e-01 5.690301209688186646e-02 -5.142273902893066406e-01
-5.058115124702453613e-01 6.555235479027032852e-03 -6.041729450225830078e-01
-5.167906284332275391e-01 4.899081774055957794e-03 -7.378339171409606934e-01
-5.956711769104003906e-01 4.990930110216140747e-02 -7.530137300491333008e-01
-5.054944753646850586e-01 8.015545457601547241e-02 -5.973213911056518555e-01
-4.334251880645751953e-01 6.343592703342437744e-02 -4.783913195133209229e-01
-4.996927082538604736e-01 1.524135619401931763e-01 -6.672399640083312988e-01
-5.259796380996704102e-01 9.542209655046463013e-02 -6.371350884437561035e-01
-5.611196160316467285e-01 1.141034737229347229e-01 -6.039438843727111816e-01
-5.144720673561096191e-01 9.953638166189193726e-02 -6.170992255210876465e-01
nan nan nan
nan nan nan
nan nan nan
nan nan nan
-5.021615624427795410e-01 1.898982971906661987e-01 -3.438462615013122559e-01
nan nan nan
nan nan nan
nan nan nan
-1.887068734504282475e-03 7.446588277816772461e-01 -8.457949161529541016e-01
-4.914113879203796387e-02 7.101331353187561035e-01 -7.370340228080749512e-01
1.649050600826740265e-02 6.879122257232666016e-01 -7.102348208427429199e-01
-1.058024391531944275e-01 6.005815863609313965e-01 -5.461695194244384766e-01
-8.448950946331024170e-02 5.353103280067443848e-01 -4.891879856586456299e-01
-6.463426351547241211e-02 6.375365853309631348e-01 -6.561062932014465332e-01
-5.245960131287574768e-02 6.138617992401123047e-01 -5.926468372344970703e-01
-4.869743436574935913e-02 5.972059369087219238e-01 -6.303812861442565918e-01
-5.575027316808700562e-02 5.340005755424499512e-01 -4.646524488925933838e-01
1.035629492253065109e-02 5.907048583030700684e-01 -5.407972335815429688e-01
-1.589093543589115143e-02 5.783785581588745117e-01 -5.663155317306518555e-01
3.631462901830673218e-02 6.402167677879333496e-01 -6.375107765197753906e-01
-5.991144478321075439e-02 5.918085575103759766e-01 -5.889056921005249023e-01
-7.671625912189483643e-02 5.480760931968688965e-01 -5.144035220146179199e-01
-9.063930064439773560e-02 4.865133464336395264e-01 -3.912061750888824463e-01
1.514182891696691513e-02 5.809037089347839355e-01 -5.343299508094787598e-01
-2.699010260403156281e-02 5.653088092803955078e-01 -5.218546986579895020e-01
2.813369035720825195e-03 5.665779709815979004e-01 -5.034498572349548340e-01
-6.804671138525009155e-02 6.023659110069274902e-01 -5.189291834831237793e-01
-7.387205259874463081e-04 6.263074874877929688e-01 -4.610945880413055420e-01
-5.061482265591621399e-02 4.558321237564086914e-01 -3.615295886993408203e-01
-4.458556324243545532e-02 5.773292183876037598e-01 -4.561036527156829834e-01
-2.748583815991878510e-02 4.923309087753295898e-01 -3.805113732814788818e-01
3.549827262759208679e-03 5.365446209907531738e-01 -4.661265611648559570e-01
-4.205869883298873901e-02 4.763946533203125000e-01 -3.404301702976226807e-01
3.900742903351783752e-02 4.899741113185882568e-01 -3.850063085556030273e-01
-9.623114019632339478e-03 6.017825603485107422e-01 -4.785749316215515137e-01
3.791990131139755249e-02 5.508897900581359863e-01 -4.218678176403045654e-01
1.825284399092197418e-02 4.912049770355224609e-01 -3.795538842678070068e-01
2.124015241861343384e-02 4.727709293365478516e-01 -3.593583405017852783e-01
6.753551214933395386e-02 5.495721697807312012e-01 -3.985815346240997314e-01
2.680309489369392395e-02 4.578381776809692383e-01 -3.102209568023681641e-01
3.379729390144348145e-02 4.868127107620239258e-01 -3.234400749206542969e-01
1.637760177254676819e-02 4.580372273921966553e-01 -3.037503361701965332e-01
7.178144901990890503e-02 4.980909526348114014e-01 -3.725447058677673340e-01
9.280580282211303711e-02 5.386871099472045898e-01 -3.784307539463043213e-01
1.233524009585380554e-01 4.395032227039337158e-01 -2.954031527042388916e-01
1.646738499402999878e-01 5.255384445190429688e-01 -4.058521389961242676e-01
1.487274020910263062e-01 5.016111731529235840e-01 -3.510461449623107910e-01
1.260723471641540527e-01 5.001149177551269531e-01 -3.321309089660644531e-01
9.566933661699295044e-02 4.731427431106567383e-01 -3.186985850334167480e-01
1.113995760679244995e-01 4.745972156524658203e-01 -2.795888483524322510e-01
1.249806210398674011e-01 4.879738092422485352e-01 -2.990939021110534668e-01
1.455574333667755127e-01 5.296611189842224121e-01 -3.500402569770812988e-01
1.390011757612228394e-01 4.306643605232238770e-01 -2.417576611042022705e-01
1.568474769592285156e-01 5.011689662933349609e-01 -2.765290141105651855e-01
1.689040362834930420e-01 5.560753941535949707e-01 -2.803164124488830566e-01
1.645878702402114868e-01 4.165484905242919922e-01 -2.354584932327270508e-01
1.551020741462707520e-01 4.259491562843322754e-01 -2.105560451745986938e-01
1.544764190912246704e-01 4.636951386928558350e-01 -2.105703502893447876e-01
2.137051820755004883e-01 4.799885153770446777e-01 -2.307146489620208740e-01
2.216689884662628174e-01 5.572063326835632324e-01 -2.767659723758697510e-01
1.957190781831741333e-01 4.490218162536621094e-01 -1.835299432277679443e-01
2.098555415868759155e-01 4.113355576992034912e-01 -1.307364404201507568e-01
1.867085546255111694e-01 4.247504174709320068e-01 -1.180840954184532166e-01
2.378168553113937378e-01 5.774812102317810059e-01 -2.013232558965682983e-01
2.333140969276428223e-01 4.481660127639770508e-01 -1.419638693332672119e-01
2.901806235313415527e-01 4.682565331459045410e-01 -2.091003507375717163e-01
2.494241446256637573e-01 4.876882731914520264e-01 -1.756753325462341309e-01
2.765410840511322021e-01 5.649241209030151367e-01 -1.842342764139175415e-01
3.400916457176208496e-01 5.277198553085327148e-01 -2.225493937730789185e-01
2.773942351341247559e-01 4.635304510593414307e-01 -1.241168901324272156e-01
3.031057715415954590e-01 4.677979648113250732e-01 -1.370516121387481689e-01
3.731661140918731689e-01 5.132814049720764160e-01 -1.638559997081756592e-01
2.735643088817596436e-01 4.679664373397827148e-01 -8.150430768728256226e-02
3.684515655040740967e-01 5.433388352394104004e-01 -1.458474546670913696e-01
3.449136316776275635e-01 5.383347868919372559e-01 -9.864220023155212402e-02
3.674381375312805176e-01 5.160489082336425781e-01 -1.095391064882278442e-01
2.896125018596649170e-01 3.584527671337127686e-01 -3.963086754083633423e-02
4.032261073589324951e-01 5.474007725715637207e-01 -1.455273181200027466e-01
3.971235752105712891e-01 5.554320216178894043e-01 -1.175467073917388916e-01
3.970066308975219727e-01 5.167971849441528320e-01 -9.296630322933197021e-02
4.127102792263031006e-01 5.555757284164428711e-01 -1.421110928058624268e-01
3.779256045818328857e-01 4.488126039505004883e-01 -6.810631603002548218e-02
4.730266928672790527e-01 5.853446125984191895e-01 -1.229807510972023010e-01
5.231294035911560059e-01 6.189001202583312988e-01 -1.254840493202209473e-01
4.032257497310638428e-01 5.179696083068847656e-01 -1.728602126240730286e-02
4.581658542156219482e-01 5.183470845222473145e-01 -5.256088823080062866e-02
4.376617968082427979e-01 4.711219072341918945e-01 3.399115987122058868e-03
5.047381520271301270e-01 5.585166215896606445e-01 -5.603199824690818787e-02
5.173531174659729004e-01 5.505018830299377441e-01 -6.094631552696228027e-02
4.846657216548919678e-01 5.987252593040466309e-01 -4.735452309250831604e-02
4.925792515277862549e-01 5.752855539321899414e-01 -4.597926046699285507e-03
4.455674290657043457e-01 5.048744678497314453e-01 -1.303030061535537243e-03
4.742336571216583252e-01 6.014193296432495117e-01 -1.495071314275264740e-02
5.230415463447570801e-01 6.295524239540100098e-01 5.562634207308292389e-03
5.601091384887695312e-01 5.524794459342956543e-01 8.807129226624965668e-03
5.279146432876586914e-01 5.606881380081176758e-01 4.470006376504898071e-02
4.770121276378631592e-01 5.306548476219177246e-01 1.426494866609573364e-01
5.674811601638793945e-01 5.431889891624450684e-01 2.836220664903521538e-03
5.176320075988769531e-01 5.608060956001281738e-01 1.026997156441211700e-02
6.595869660377502441e-01 6.994447112083435059e-01 -3.139716386795043945e-02
5.619587302207946777e-01 6.210922002792358398e-01 4.838150739669799805e-02
6.178379654884338379e-01 5.671930909156799316e-01 1.080188527703285217e-01
5.871672034263610840e-01 6.174205541610717773e-01 1.040777042508125305e-01
5.896680355072021484e-01 6.130500435829162598e-01 1.196091622114181519e-01
6.734333038330078125e-01 6.104871630668640137e-01 1.088810488581657410e-01
6.883925795555114746e-01 6.565595269203186035e-01 1.090032085776329041e-01
6.706867218017578125e-01 7.621833682060241699e-01 4.831923544406890869e-02
6.795268654823303223e-01 7.425833344459533691e-01 9.060743451118469238e-02
6.668006777763366699e-01 6.708228588104248047e-01 1.141351982951164246e-01
7.094857096672058105e-01 7.182523608207702637e-01 8.447851240634918213e-02
7.707194685935974121e-01 8.481497764587402344e-01 9.027247875928878784e-02
7.670868635177612305e-01 8.751183748245239258e-01 9.133997559547424316e-02
nan nan nan
nan nan nan
nan nan nan
nan nan nan
nan nan nan
nan nan nan
nan nan nan
6.832125186920166016e-01 9.027625918388366699e-01 1.791542321443557739e-01
6.921311020851135254e-01 7.593777179718017578e-01 1.413080990314483643e-01
7.334969639778137207e-01 7.690949440002441406e-01 1.015428006649017334e-01
6.622253656387329102e-01 8.015402555465698242e-01 1.583189815282821655e-01
6.651133298873901367e-01 8.324930071830749512e-01 1.004929766058921814e-01
6.318155527114868164e-01 7.305968999862670898e-01 1.657843887805938721e-01
6.525240540504455566e-01 6.716241836547851562e-01 1.911695152521133423e-01
6.433950662612915039e-01 7.963697314262390137e-01 1.553404331207275391e-01
5.917243957519531250e-01 8.170379400253295898e-01 1.144997999072074890e-01
5.847335457801818848e-01 6.555745005607604980e-01 1.765672862529754639e-01
5.588997602462768555e-01 7.169640660285949707e-01 1.402330398559570312e-01
5.905818939208984375e-01 7.279081940650939941e-01 1.684500128030776978e-01
5.522105097770690918e-01 6.682404279708862305e-01 1.703244000673294067e-01
5.126234889030456543e-01 6.775631308555603027e-01 2.017211169004440308e-01
5.204769968986511230e-01 6.453587412834167480e-01 1.975422203540802002e-01
5.046340823173522949e-01 6.643972396850585938e-01 2.112528383731842041e-01
5.082252621650695801e-01 5.828294157981872559e-01 2.073019295930862427e-01
4.943139255046844482e-01 7.605492472648620605e-01 2.094302475452423096e-01
4.827962815761566162e-01 7.242652773857116699e-01 1.521052122116088867e-01
4.938452839851379395e-01 6.187186241149902344e-01 1.221650317311286926e-01
4.795922338962554932e-01 6.915237903594970703e-01 1.625517755746841431e-01
4.374438524246215820e-01 5.835971236228942871e-01 1.589448153972625732e-01
4.201599061489105225e-01 6.060552000999450684e-01 1.418154239654541016e-01
3.927123844623565674e-01 5.373448133468627930e-01 1.367594003677368164e-01
4.395883083343505859e-01 7.128134369850158691e-01 1.526605933904647827e-01
3.513273000717163086e-01 4.560282528400421143e-01 1.161286383867263794e-01
4.326444566249847412e-01 5.853700637817382812e-01 1.825348585844039917e-01
4.288235008716583252e-01 6.657762527465820312e-01 8.620484173297882080e-02
3.371914029121398926e-01 5.268730521202087402e-01 1.219952926039695740e-01
3.357117176055908203e-01 5.281983613967895508e-01 1.339962035417556763e-01
3.401984572410583496e-01 6.164917349815368652e-01 1.234883889555931091e-01
3.313739597797393799e-01 7.008423209190368652e-01 9.539077430963516235e-02
3.602448105812072754e-01 6.606220602989196777e-01 1.076506301760673523e-01
3.235788047313690186e-01 6.645590066909790039e-01 1.046820357441902161e-01
3.077246546745300293e-01 7.314968705177307129e-01 7.375246286392211914e-02
2.943983078002929688e-01 6.459261775016784668e-01 8.166184276342391968e-02
2.455104589462280273e-01 6.075681447982788086e-01 1.139631792902946472e-01
2.850092947483062744e-01 5.712223649024963379e-01 1.254222840070724487e-01
2.647519111633300781e-01 5.499474406242370605e-01 8.516555279493331909e-02
2.565395236015319824e-01 6.140441894531250000e-01 1.193154230713844299e-01
2.532547116279602051e-01 6.150161623954772949e-01 8.840076625347137451e-02
1.976833492517471313e-01 5.942054390907287598e-01 1.332291215658187866e-01
2.345242351293563843e-01 6.715363860130310059e-01 7.834268361330032349e-02
1.818635165691375732e-01 5.769621133804321289e-01 9.523815661668777466e-02
1.843635886907577515e-01 5.996258854866027832e-01 1.231825649738311768e-01
1.635868251323699951e-01 4.877240061759948730e-01 7.710579037666320801e-02
1.848737448453903198e-01 7.174768447875976562e-01 1.006906181573867798e-01
1.605193465948104858e-01 5.492437481880187988e-01 7.787795364856719971e-02
1.244210526347160339e-01 6.120612621307373047e-01 8.919379115104675293e-02
1.415795236825942993e-01 5.085074901580810547e-01 8.442604541778564453e-02
1.586094945669174194e-01 6.573046445846557617e-01 2.563751861453056335e-02
1.208416819572448730e-01 6.814523935317993164e-01 5.677802860736846924e-02
9.127452969551086426e-02 4.715348482131958008e-01 6.170866638422012329e-02
1.022326573729515076e-01 4.771118760108947754e-01 7.001108676195144653e-02
9.371753036975860596e-02 4.734050929546356201e-01 5.021643266081809998e-02
4.832408577203750610e-02 6.395204663276672363e-01 9.505103528499603271e-02
1.013425663113594055e-01 5.925989747047424316e-01 1.461832784116268158e-02
7.019125670194625854e-02 5.424957275390625000e-01 3.123710863292217255e-02
5.813762918114662170e-02 5.583768486976623535e-01 2.124501578509807587e-02
4.198808223009109497e-02 6.561881303787231445e-01 1.650478923693299294e-03
2.854573912918567657e-02 6.233702301979064941e-01 9.160415269434452057e-03
2.061865292489528656e-03 5.476200580596923828e-01 7.163394987583160400e-02
-1.112192054279148579e-03 5.574495196342468262e-01 1.490161009132862091e-02
-1.559839677065610886e-02 5.993858575820922852e-01 -2.096071839332580566e-03
-2.725243940949440002e-02 5.601154565811157227e-01 4.993050545454025269e-02
-3.135301917791366577e-02 6.067820191383361816e-01 4.601991176605224609e-02
-3.394558280706405640e-02 6.655059456825256348e-01 5.788527056574821472e-02
-3.150781244039535522e-02 6.339364647865295410e-01 4.503987357020378113e-02
-2.040651440620422363e-02 5.588066577911376953e-01 -2.732410281896591187e-02
-4.346793517470359802e-02 4.991930425167083740e-01 3.336791181936860085e-03
-6.141890585422515869e-02 6.122226119041442871e-01 -8.013445883989334106e-03
-7.919719070196151733e-02 5.450659394264221191e-01 -2.678285166621208191e-02
-7.951278984546661377e-02 4.437637329101562500e-01 -5.941841285675764084e-03
-9.599158167839050293e-02 5.048317909240722656e-01 6.337678525596857071e-03
-9.550704061985015869e-02 6.801304817199707031e-01 -3.170491755008697510e-02
-1.173937916755676270e-01 5.450227260589599609e-01 -1.799453981220722198e-02
-1.101078540086746216e-01 6.189385652542114258e-01 -4.672807082533836365e-02
-1.498885154724121094e-01 7.160669565200805664e-01 2.195874229073524475e-02
-1.475962251424789429e-01 6.682109832763671875e-01 -1.196024287492036819e-02
-1.301803886890411377e-01 5.120939016342163086e-01 -8.443452417850494385e-02
-1.266432106494903564e-01 6.723171472549438477e-01 1.883346005342900753e-03
-1.423640549182891846e-01 6.624861359596252441e-01 -5.520698800683021545e-02
-1.554730981588363647e-01 6.499789357185363770e-01 -3.671735059469938278e-03
-1.615416705608367920e-01 6.011965870857238770e-01 -4.329748824238777161e-02
-1.490562558174133301e-01 5.894351005554199219e-01 -7.625272125005722046e-02
-1.405517607927322388e-01 5.256949067115783691e-01 -3.571422398090362549e-02
-1.698174327611923218e-01 5.285217165946960449e-01 -3.206952288746833801e-02
-1.754953861236572266e-01 5.946180820465087891e-01 -3.265478834509849548e-02
-1.864782571792602539e-01 5.710247755050659180e-01 -3.869590908288955688e-02
-2.039110362529754639e-01 6.729252934455871582e-01 -3.216633945703506470e-02
-2.083517462015151978e-01 6.563053727149963379e-01 -8.353612571954727173e-02
-1.956475377082824707e-01 5.424431562423706055e-01 -7.187562435865402222e-02
-2.219514548778533936e-01 5.734156966209411621e-01 -6.196445971727371216e-02
-2.135581076145172119e-01 5.799277424812316895e-01 -9.076047688722610474e-02
-1.966750174760818481e-01 6.346794366836547852e-01 -1.434909552335739136e-01
-2.805405259132385254e-01 6.546680331230163574e-01 -2.914911508560180664e-02
-2.257183343172073364e-01 7.028485536575317383e-01 -1.250534653663635254e-01
-2.427679002285003662e-01 6.185507774353027344e-01 -1.050436422228813171e-01
-2.657398581504821777e-01 6.606625914573669434e-01 -1.226000040769577026e-01
-2.490121573209762573e-01 6.246557831764221191e-01 -6.348100304603576660e-02
-3.075388669967651367e-01 7.081090807914733887e-01 -2.416341006755828857e-02
-2.762815654277801514e-01 7.029165625572204590e-01 -1.325028836727142334e-01
-2.785788476467132568e-01 7.034267783164978027e-01 -1.493083238601684570e-01
-2.659249305725097656e-01 6.922725439071655273e-01 -1.104521155357360840e-01
-3.124766647815704346e-01 7.301048040390014648e-01 -1.865778118371963501e-01
-2.142848521471023560e-01 6.515926122665405273e-01 -1.764608770608901978e-01
-2.874212265014648438e-01 6.294881105422973633e-01 -1.090948656201362610e-01
-3.241491019725799561e-01 7.031036615371704102e-01 -1.041735634207725525e-01
-3.017090260982513428e-01 7.601966261863708496e-01 -1.086038202047348022e-01
-2.779580652713775635e-01 6.566708087921142578e-01 -1.951210796833038330e-01
-3.038556873798370361e-01 6.202567219734191895e-01 -1.375032514333724976e-01
-2.485641241073608398e-01 4.656164944171905518e-01 -9.033364057540893555e-02
5.249399542808532715e-01 -3.601187169551849365e-01 2.193579822778701782e-01
-3.345514237880706787e-01 6.305340528488159180e-01 -1.223926916718482971e-01
4.862252771854400635e-01 -5.406844019889831543e-01 2.192726582288742065e-01
-3.351818621158599854e-01 6.649839282035827637e-01 -1.844816654920578003e-01
-3.195609152317047119e-01 7.327425479888916016e-01 -9.270177036523818970e-02
-3.705317080020904541e-01 7.134035229682922363e-01 -1.473909318447113037e-01
-4.121140539646148682e-01 9.493398070335388184e-01 -5.042085051536560059e-02
-3.736566007137298584e-01 7.412574887275695801e-01 -1.401816755533218384e-01
-3.372648656368255615e-01 8.511882424354553223e-01 -1.703494191169738770e-01
-3.653806149959564209e-01 7.784394025802612305e-01 -1.403528302907943726e-01
-3.293706476688385010e-01 7.946956157684326172e-01 -1.037482395768165588e-01
-3.488781750202178955e-01 8.096627593040466309e-01 -1.365728229284286499e-01
-3.163954615592956543e-01 7.720276713371276855e-01 -6.512743234634399414e-02
-3.296852707862854004e-01 8.141158223152160645e-01 -1.772002279758453369e-01
-3.490996062755584717e-01 7.305744290351867676e-01 -2.400976568460464478e-01
-3.119641244411468506e-01 9.190050959587097168e-01 -1.710410118103027344e-01
-2.235711365938186646e-01 9.871666431427001953e-01 -3.521563708782196045e-01
