1.455209960937500000e+02	-4.161240005493164062e+01	-2.554922943115234375e+02
1.941893005371093750e+02	3.395000100135803223e-01	-2.006293945312500000e+02
1.278035964965820312e+02	-2.192799949645996094e+01	-2.451233062744140625e+02
8.014060211181640625e+01	7.961599826812744141e+00	-1.939078063964843750e+02
1.514118957519531250e+02	-1.964340019226074219e+01	-2.156201934814453125e+02
2.252342071533203125e+02	-2.983400106430053711e+00	-1.792487030029296875e+02
2.177613067626953125e+02	-2.430690002441406250e+01	-1.675032043457031250e+02
2.192465057373046875e+02	-3.444469833374023438e+01	-1.921002044677734375e+02
2.406985931396484375e+02	-2.682959938049316406e+01	-1.983992004394531250e+02
2.510711975097656250e+02	-4.440959930419921875e+01	-1.795695953369140625e+02
2.617687988281250000e+02	-2.446059989929199219e+01	-1.622126007080078125e+02
2.822558898925781250e+02	-3.447760009765625000e+01	-1.818471069335937500e+02
2.792919006347656250e+02	-9.686300277709960938e+00	-1.934833068847656250e+02
3.036647033691406250e+02	-8.678400039672851562e+00	-1.831428070068359375e+02
3.001029968261718750e+02	-8.961999893188476562e+00	-1.562243957519531250e+02
2.893482055664062500e+02	1.693659973144531250e+01	-1.632810974121093750e+02
3.092576904296875000e+02	2.841419982910156250e+01	-1.509526062011718750e+02
2.922073059082031250e+02	5.051660156250000000e+01	-1.491546936035156250e+02
2.788565063476562500e+02	3.529430007934570312e+01	-1.286477966308593750e+02
2.951824035644531250e+02	4.693669891357421875e+01	-1.086727981567382812e+02
2.727359008789062500e+02	4.166870117187500000e+01	-9.559310150146484375e+01
2.685248107910156250e+02	1.654540061950683594e+01	-9.491110229492187500e+01
2.987112121582031250e+02	7.195400238037109375e+00	-9.330490112304687500e+01
2.923609008789062500e+02	1.099790000915527344e+01	-6.381090164184570312e+01
2.956144104003906250e+02	-1.738430023193359375e+01	-6.906900024414062500e+01
3.094099121093750000e+02	-1.475870037078857422e+01	-4.498149871826171875e+01
3.292607116699218750e+02	-2.334910011291503906e+01	-5.726350021362304688e+01
3.399072875976562500e+02	-7.332799911499023438e+00	-7.492459869384765625e+01
3.382969055175781250e+02	1.890110015869140625e+01	-6.729100036621093750e+01
3.666669006347656250e+02	1.480679988861083984e+01	-6.443470001220703125e+01
3.669230957031250000e+02	9.542599678039550781e+00	-3.852640151977539062e+01
3.823638000488281250e+02	3.180470085144042969e+01	-4.275230026245117188e+01
3.627106018066406250e+02	4.901399993896484375e+01	-4.748369979858398438e+01
3.468385009765625000e+02	4.387229919433593750e+01	-2.668840026855468750e+01
3.338218994140625000e+02	7.451660156250000000e+01	-1.911160087585449219e+01
3.588338928222656250e+02	7.678309631347656250e+01	-1.158710002899169922e+01
3.554668884277343750e+02	5.851900100708007812e+01	8.579899787902832031e+00
3.798067016601562500e+02	6.735530090332031250e+01	2.145079994201660156e+01
3.624588012695312500e+02	8.128579711914062500e+01	3.238370132446289062e+01
3.620517883300781250e+02	5.256589889526367188e+01	4.546739959716796875e+01
3.392922058105468750e+02	3.531010055541992188e+01	4.479539871215820312e+01
3.424901123046875000e+02	4.014929962158203125e+01	7.031749725341796875e+01
3.339863891601562500e+02	6.335079956054687500e+01	6.415080261230468750e+01
3.020531921386718750e+02	5.619359970092773438e+01	5.687080001831054688e+01
3.050732116699218750e+02	7.981179809570312500e+01	4.668470001220703125e+01
3.142139892578125000e+02	1.006222991943359375e+02	6.349359893798828125e+01
2.883077087402343750e+02	1.035718994140625000e+02	6.761340332031250000e+01
2.991145935058593750e+02	9.425499725341796875e+01	9.428659820556640625e+01
3.005783996582031250e+02	1.182006988525390625e+02	1.079257965087890625e+02
2.759408874511718750e+02	1.170811004638671875e+02	1.001725006103515625e+02
2.557145996093750000e+02	9.636299896240234375e+01	1.011996994018554688e+02
2.528934936523437500e+02	7.090799713134765625e+01	1.036359024047851562e+02
2.711084899902343750e+02	6.714109802246093750e+01	1.213679962158203125e+02
2.453441925048828125e+02	9.113300323486328125e+01	1.376649932861328125e+02
2.609003906250000000e+02	9.921559906005859375e+01	1.601239929199218750e+02
2.375646972656250000e+02	1.016521987915039062e+02	1.676481933593750000e+02
2.281558990478515625e+02	7.391840362548828125e+01	1.666361999511718750e+02
2.358493957519531250e+02	4.749950027465820312e+01	1.644503936767578125e+02
2.215989990234375000e+02	4.748300170898437500e+01	1.871280975341796875e+02
2.401623992919921875e+02	6.310010147094726562e+01	1.973446960449218750e+02
2.680939025878906250e+02	5.507730102539062500e+01	1.937949981689453125e+02
2.613803100585937500e+02	3.449539947509765625e+01	2.077879028320312500e+02
2.604837036132812500e+02	4.299679946899414062e+01	2.346999053955078125e+02
2.834837951660156250e+02	3.493769836425781250e+01	2.410070037841796875e+02
2.957673034667968750e+02	5.713899993896484375e+01	2.341367950439453125e+02
2.750834960937500000e+02	7.659459686279296875e+01	2.483549957275390625e+02
2.762059020996093750e+02	1.023284988403320312e+02	2.439015960693359375e+02
3.005321044921875000e+02	9.425340270996093750e+01	2.524759979248046875e+02
3.080924072265625000e+02	7.481410217285156250e+01	2.729592895507812500e+02
2.947939147949218750e+02	9.512640380859375000e+01	2.865871887207031250e+02
2.829450988769531250e+02	7.304440307617187500e+01	2.946748046875000000e+02
2.557429046630859375e+02	7.262100219726562500e+01	2.926370849609375000e+02
2.592092895507812500e+02	8.800749969482421875e+01	3.155791931152343750e+02
2.430399932861328125e+02	1.044834976196289062e+02	3.036022949218750000e+02
2.163674011230468750e+02	1.076032028198242188e+02	2.867315979003906250e+02
2.103715972900390625e+02	1.256796035766601562e+02	3.045892028808593750e+02
2.129252929687500000e+02	1.147294998168945312e+02	3.290368041992187500e+02
2.026475982666015625e+02	9.099410247802734375e+01	3.205335998535156250e+02
1.768726043701171875e+02	1.006156005859375000e+02	3.242840881347656250e+02
1.627162017822265625e+02	9.542099761962890625e+01	3.029614868164062500e+02
1.756990966796875000e+02	7.117880249023437500e+01	3.002181091308593750e+02
1.646873931884765625e+02	6.690619659423828125e+01	3.241019897460937500e+02
1.591452941894531250e+02	4.112329864501953125e+01	3.153728942871093750e+02
1.812395935058593750e+02	3.194540023803710938e+01	3.259527893066406250e+02
1.660424957275390625e+02	3.340679931640625000e+01	3.479068908691406250e+02
1.899349975585937500e+02	4.211059951782226562e+01	3.622874145507812500e+02
2.034980926513671875e+02	2.406439971923828125e+01	3.750880126953125000e+02
1.823527069091796875e+02	2.228109931945800781e+01	3.877066955566406250e+02
1.965657043457031250e+02	4.806850051879882812e+01	4.004757080078125000e+02
1.770572052001953125e+02	6.638099670410156250e+01	3.989357910156250000e+02
1.822884979248046875e+02	7.165270233154296875e+01	4.251650085449218750e+02
1.759279937744140625e+02	4.708190155029296875e+01	4.344558105468750000e+02
1.564140014648437500e+02	3.906750106811523438e+01	4.204740905761718750e+02
1.361123046875000000e+02	6.020700073242187500e+01	4.206384887695312500e+02
1.133908996582031250e+02	5.739270019531250000e+01	4.064106140136718750e+02
1.110160980224609375e+02	3.629850006103515625e+01	4.204244079589843750e+02
9.756729888916015625e+01	5.570999908447265625e+01	4.403507995605468750e+02
1.021680984497070312e+02	7.310939788818359375e+01	4.598653869628906250e+02
1.181523971557617188e+02	5.766170120239257812e+01	4.721054992675781250e+02
1.034763031005859375e+02	3.070019912719726562e+01	4.717944030761718750e+02
8.394020080566406250e+01	3.876029968261718750e+01	4.895223999023437500e+02
9.656500244140625000e+01	2.531949996948242188e+01	5.121697998046875000e+02
9.945349884033203125e+01	3.075679969787597656e+01	5.363032836914062500e+02
1.029614028930664062e+02	5.419599914550781250e+01	5.300764160156250000e+02
7.969339752197265625e+01	6.613510131835937500e+01	5.229022216796875000e+02
6.645970153808593750e+01	5.017200088500976562e+01	5.410621948242187500e+02
5.203459930419921875e+01	3.817279815673828125e+01	5.227280883789062500e+02
3.336380004882812500e+01	5.750870132446289062e+01	5.148461303710937500e+02
1.773859977722167969e+01	3.657450103759765625e+01	5.111722106933593750e+02
1.260680007934570312e+01	1.658449935913085938e+01	5.278626708984375000e+02
1.520390033721923828e+01	1.436260032653808594e+01	5.555808105468750000e+02
6.782400131225585938e+00	3.844319915771484375e+01	5.557766723632812500e+02
-1.931040000915527344e+01	2.945249938964843750e+01	5.529470214843750000e+02
-2.364109992980957031e+01	4.826079940795898438e+01	5.346923217773437500e+02
-1.530939960479736328e+01	7.270780181884765625e+01	5.382561035156250000e+02
-3.089690017700195312e+01	7.525150299072265625e+01	5.605476074218750000e+02
-1.544229984283447266e+01	1.002288970947265625e+02	5.617026977539062500e+02
-2.062500000000000000e+00	9.183249664306640625e+01	5.801594238281250000e+02
-1.711650085449218750e+01	1.120939025878906250e+02	5.941723022460937500e+02
-3.280289840698242188e+01	9.441670227050781250e+01	5.991580200195312500e+02
-1.593350028991699219e+01	8.634619903564453125e+01	6.264514160156250000e+02
-2.659709930419921875e+01	6.343740081787109375e+01	6.293204956054687500e+02
-3.966260147094726562e+01	6.250120162963867188e+01	6.503842773437500000e+02
-6.256710052490234375e+01	6.888130187988281250e+01	6.358295288085937500e+02
-5.824499893188476562e+01	9.721649932861328125e+01	6.471290893554687500e+02
-5.931539916992187500e+01	1.080608978271484375e+02	6.707291870117187500e+02
-8.170760345458984375e+01	9.702899932861328125e+01	6.739025878906250000e+02
-8.797830200195312500e+01	1.240728988647460938e+02	6.565557861328125000e+02
-9.772840118408203125e+01	1.215895996093750000e+02	6.336022949218750000e+02
-1.110296020507812500e+02	1.031195983886718750e+02	6.201134033203125000e+02
-1.206914978027343750e+02	9.289969635009765625e+01	6.405535278320312500e+02
-1.381038970947265625e+02	1.148395996093750000e+02	6.408873901367187500e+02
-1.567098999023437500e+02	9.928510284423828125e+01	6.521514892578125000e+02
-1.536186981201171875e+02	8.874250030517578125e+01	6.757656250000000000e+02
-1.777937927246093750e+02	9.961129760742187500e+01	6.798549804687500000e+02
-1.693990936279296875e+02	1.052882003784179688e+02	7.030556030273437500e+02
-1.530637969970703125e+02	1.256194000244140625e+02	6.925607299804687500e+02
-1.804593963623046875e+02	1.376278991699218750e+02	6.816989746093750000e+02
-1.657514953613281250e+02	1.562416992187500000e+02	6.705841064453125000e+02
-1.810903930664062500e+02	1.678896026611328125e+02	6.853087768554687500e+02
-1.617458038330078125e+02	1.712407073974609375e+02	7.070626831054687500e+02
-1.826416015625000000e+02	1.653903961181640625e+02	7.304559936523437500e+02
-1.678972015380859375e+02	1.656264953613281250e+02	7.500230102539062500e+02
-1.515294036865234375e+02	1.842881011962890625e+02	7.479141845703125000e+02
-1.721154022216796875e+02	1.961354064941406250e+02	7.586397705078125000e+02
-1.769837036132812500e+02	2.044730987548828125e+02	7.339033203125000000e+02
-2.018554992675781250e+02	2.015971069335937500e+02	7.343344116210937500e+02
-1.919221038818359375e+02	2.299421997070312500e+02	7.134240722656250000e+02
-2.166109924316406250e+02	2.433737945556640625e+02	7.178906860351562500e+02
-2.115614929199218750e+02	2.564661865234375000e+02	7.378994140625000000e+02
-2.347837982177734375e+02	2.447826995849609375e+02	7.405623779296875000e+02
-2.482684020996093750e+02	2.654898071289062500e+02	7.273411254882812500e+02
-2.587479858398437500e+02	2.712760009765625000e+02	7.492536010742187500e+02
-2.515756988525390625e+02	2.725020141601562500e+02	7.750789184570312500e+02
-2.353580017089843750e+02	2.916106872558593750e+02	7.666425781250000000e+02
-2.590653076171875000e+02	3.084436950683593750e+02	7.582258911132812500e+02
-2.424427947998046875e+02	3.190203857421875000e+02	7.445093994140625000e+02
-2.591818847656250000e+02	3.434567871093750000e+02	7.509918212890625000e+02
-2.416972961425781250e+02	3.471311950683593750e+02	7.712551269531250000e+02
-2.631543884277343750e+02	3.428135070800781250e+02	7.917974243164062500e+02
-2.535971069335937500e+02	3.673934020996093750e+02	7.939733886718750000e+02
-2.701123962402343750e+02	3.724464111328125000e+02	7.734736938476562500e+02
-2.978330078125000000e+02	3.682911071777343750e+02	7.792111206054687500e+02
-2.939733886718750000e+02	3.901221008300781250e+02	7.939000854492187500e+02
-3.041181030273437500e+02	4.005205078125000000e+02	7.738442993164062500e+02
-2.796086120605468750e+02	4.135657958984375000e+02	7.656998901367187500e+02
-2.636668090820312500e+02	4.229017944335937500e+02	7.836925048828125000e+02
-2.621607971191406250e+02	4.462055053710937500e+02	7.661679077148437500e+02
-2.878746032714843750e+02	4.516549987792968750e+02	7.616392211914062500e+02
-2.979827880859375000e+02	4.497586059570312500e+02	7.840294799804687500e+02
-2.891239013671875000e+02	4.547301940917968750e+02	8.090698242187500000e+02
-2.710866088867187500e+02	4.693139038085937500e+02	8.182225952148437500e+02
-2.672691040039062500e+02	4.890310058593750000e+02	8.010167236328125000e+02
-2.939782104492187500e+02	4.944869079589843750e+02	8.026281127929687500e+02
-2.993106079101562500e+02	5.102503051757812500e+02	8.257274169921875000e+02
-3.206310119628906250e+02	5.136422119140625000e+02	8.161184082031250000e+02
-3.192547912597656250e+02	5.260084228515625000e+02	7.914356079101562500e+02
-3.009527893066406250e+02	5.313837280273437500e+02	7.739744262695312500e+02
-2.871896057128906250e+02	5.434699707031250000e+02	7.936567993164062500e+02
-3.011719970703125000e+02	5.639647827148437500e+02	7.902877807617187500e+02
-3.004104919433593750e+02	5.783756103515625000e+02	8.131796264648437500e+02
-2.820975036621093750e+02	5.725119018554687500e+02	8.287670288085937500e+02
-2.598026123046875000e+02	5.780270996093750000e+02	8.122169189453125000e+02
-2.625177001953125000e+02	6.046671142578125000e+02	8.150454101562500000e+02
-2.747184143066406250e+02	6.191224975585937500e+02	7.958707275390625000e+02
-2.623295898437500000e+02	6.019935913085937500e+02	7.785269775390625000e+02
-2.409333953857421875e+02	6.179486083984375000e+02	7.881553955078125000e+02
-2.287447967529296875e+02	6.137077026367187500e+02	7.658306884765625000e+02
-2.267658996582031250e+02	5.847484130859375000e+02	7.706766967773437500e+02
-2.015980072021484375e+02	5.893026733398437500e+02	7.681715087890625000e+02
-2.066071929931640625e+02	5.845662841796875000e+02	8.013823242187500000e+02
-1.977552032470703125e+02	6.072661132812500000e+02	8.052879028320312500e+02
-1.697622985839843750e+02	6.059188232421875000e+02	8.018101806640625000e+02
-1.649842987060546875e+02	5.849212036132812500e+02	8.199285888671875000e+02
-1.414219970703125000e+02	5.958493041992187500e+02	8.234384155273437500e+02
-1.407133941650390625e+02	5.863499755859375000e+02	8.475922241210937500e+02
-1.627203979492187500e+02	6.042357177734375000e+02	8.494910278320312500e+02
-1.597377929687500000e+02	6.273308105468750000e+02	8.367988281250000000e+02
-1.489049987792968750e+02	6.425485839843750000e+02	8.593084106445312500e+02
-1.647574005126953125e+02	6.627935180664062500e+02	8.553610229492187500e+02
-1.486822052001953125e+02	6.674003906250000000e+02	8.356303100585937500e+02
-1.321078033447265625e+02	6.826314086914062500e+02	8.556356201171875000e+02
-1.074175033569335938e+02	6.740512084960937500e+02	8.633208007812500000e+02
-1.036023025512695312e+02	6.648452758789062500e+02	8.396616210937500000e+02
-1.116232986450195312e+02	6.884990234375000000e+02	8.217952270507812500e+02
-1.025270996093750000e+02	7.083717041015625000e+02	8.314724731445312500e+02
-7.613089752197265625e+01	6.985753784179687500e+02	8.370607299804687500e+02
-7.526129913330078125e+01	6.885703735351562500e+02	8.147459106445312500e+02
-6.013669967651367188e+01	7.072316894531250000e+02	7.996696166992187500e+02
-7.408689880371093750e+01	6.977401733398437500e+02	7.783648071289062500e+02
-7.695169830322265625e+01	6.735421752929687500e+02	7.703262939453125000e+02
-4.435710144042968750e+01	6.767954711914062500e+02	7.765064086914062500e+02
-4.654109954833984375e+01	6.507863769531250000e+02	7.773796997070312500e+02
-4.344400024414062500e+01	6.537933959960937500e+02	8.022817993164062500e+02
-2.894000053405761719e+01	6.312290039062500000e+02	8.109968872070312500e+02
-2.468009948730468750e+01	6.434224243164062500e+02	8.336192016601562500e+02
-1.386820030212402344e+01	6.665166015625000000e+02	8.273380126953125000e+02
9.013199806213378906e+00	6.597448120117187500e+02	8.087230224609375000e+02
2.101409912109375000e+01	6.812817993164062500e+02	8.105565185546875000e+02
2.583519935607910156e+01	6.714467163085937500e+02	8.338123779296875000e+02
3.532400131225585938e+01	6.454982910156250000e+02	8.377991943359375000e+02
5.560770034790039062e+01	6.579255981445312500e+02	8.282670288085937500e+02
7.010790252685546875e+01	6.351942138671875000e+02	8.354682006835937500e+02
8.403759765625000000e+01	6.406857910156250000e+02	8.118795166015625000e+02
6.653269958496093750e+01	6.329760131835937500e+02	7.944454956054687500e+02
5.551979827880859375e+01	6.062081298828125000e+02	8.011660766601562500e+02
6.654450225830078125e+01	5.878499145507812500e+02	8.145214233398437500e+02
8.986779785156250000e+01	5.845557250976562500e+02	7.998170166015625000e+02
6.896099853515625000e+01	5.720872802734375000e+02	7.834174194335937500e+02
8.004090118408203125e+01	5.921928100585937500e+02	7.687407226562500000e+02
6.093249893188476562e+01	5.947274169921875000e+02	7.477011718750000000e+02
6.640820312500000000e+01	5.675827026367187500e+02	7.406458129882812500e+02
7.325569915771484375e+01	5.794072265625000000e+02	7.187498779296875000e+02
9.919550323486328125e+01	5.758652954101562500e+02	7.332564086914062500e+02
1.053139038085937500e+02	5.514351196289062500e+02	7.285848999023437500e+02
1.259716033935546875e+02	5.585037231445312500e+02	7.491511230468750000e+02
1.416591949462890625e+02	5.588781738281250000e+02	7.246591796875000000e+02
1.579772949218750000e+02	5.779337768554687500e+02	7.364515991210937500e+02
1.413294067382812500e+02	5.963060302734375000e+02	7.334860229492187500e+02
1.406737976074218750e+02	5.933975830078125000e+02	7.047844238281250000e+02
1.585388031005859375e+02	6.120006103515625000e+02	7.021312255859375000e+02
1.356029052734375000e+02	6.288768920898437500e+02	6.988825073242187500e+02
1.426508026123046875e+02	6.326997070312500000e+02	6.728179931640625000e+02
1.233302993774414062e+02	6.183366699218750000e+02	6.693654785156250000e+02
1.412722930908203125e+02	5.898897094726562500e+02	6.608181762695312500e+02
1.677572021484375000e+02	5.856705932617187500e+02	6.528632812500000000e+02
1.636938018798828125e+02	5.930538940429687500e+02	6.273944702148437500e+02
1.788260040283203125e+02	5.733115234375000000e+02	6.230120849609375000e+02
1.674759063720703125e+02	5.503220825195312500e+02	6.331361083984375000e+02
1.429329986572265625e+02	5.550065917968750000e+02	6.289904785156250000e+02
1.469349975585937500e+02	5.574899902343750000e+02	6.015733032226562500e+02
1.196305999755859375e+02	5.474262695312500000e+02	5.937874145507812500e+02
1.052835998535156250e+02	5.643698120117187500e+02	6.072385864257812500e+02
1.221361999511718750e+02	5.783530273437500000e+02	5.882166748046875000e+02
1.000291976928710938e+02	5.867902221679687500e+02	5.750961914062500000e+02
9.655999755859375000e+01	6.124492187500000000e+02	5.722730712890625000e+02
1.209091033935546875e+02	6.203073120117187500e+02	5.621248779296875000e+02
1.416204071044921875e+02	6.156116943359375000e+02	5.466517944335937500e+02
1.320610046386718750e+02	6.334406738281250000e+02	5.274201049804687500e+02
1.121470031738281250e+02	6.179078979492187500e+02	5.205878295898437500e+02
1.324477996826171875e+02	6.054180297851562500e+02	5.069082946777343750e+02
1.328695983886718750e+02	5.832908935546875000e+02	5.218272705078125000e+02
1.059428024291992188e+02	5.759205932617187500e+02	5.243218994140625000e+02
1.140650024414062500e+02	5.532354125976562500e+02	5.124993286132812500e+02
1.046400985717773438e+02	5.656876831054687500e+02	4.869288024902343750e+02
8.621820068359375000e+01	5.487716064453125000e+02	4.939509887695312500e+02
6.841750335693359375e+01	5.637918701171875000e+02	5.074609069824218750e+02
6.381349945068359375e+01	5.796795043945312500e+02	4.803114929199218750e+02
4.780319976806640625e+01	5.987576293945312500e+02	4.901218872070312500e+02
3.221640014648437500e+01	5.774885864257812500e+02	4.924298095703125000e+02
2.826840019226074219e+01	5.551041259765625000e+02	4.757984924316406250e+02
1.368229961395263672e+01	5.737998046875000000e+02	4.589209899902343750e+02
2.959269905090332031e+01	5.873369140625000000e+02	4.430132141113281250e+02
3.347869873046875000e+01	5.639321289062500000e+02	4.298450012207031250e+02
2.195509910583496094e+01	5.442125854492187500e+02	4.152937927246093750e+02
3.911109924316406250e+01	5.489541015625000000e+02	3.977846069335937500e+02
3.936629867553710938e+01	5.749359130859375000e+02	3.927206115722656250e+02
1.512940025329589844e+01	5.702567138671875000e+02	3.834491882324218750e+02
6.175700187683105469e+00	5.914667968750000000e+02	3.931545104980468750e+02
-1.747120094299316406e+01	5.816074218750000000e+02	4.015022888183593750e+02
-3.176790046691894531e+01	5.854389038085937500e+02	3.810773925781250000e+02
-5.441329956054687500e+01	5.858154296875000000e+02	3.958804016113281250e+02
-5.656119918823242188e+01	5.599738159179687500e+02	3.939844970703125000e+02
-5.405939865112304688e+01	5.420725097656250000e+02	3.752239990234375000e+02
-7.504060363769531250e+01	5.334091186523437500e+02	3.826585083007812500e+02
-8.919390106201171875e+01	5.555883178710937500e+02	3.639778137207031250e+02
-7.850869750976562500e+01	5.512188720703125000e+02	3.387260131835937500e+02
-7.831109619140625000e+01	5.247852783203125000e+02	3.320728149414062500e+02
-9.143949890136718750e+01	5.382963867187500000e+02	3.144161071777343750e+02
-1.131707000732421875e+02	5.490239257812500000e+02	3.275234985351562500e+02
-1.182479019165039062e+02	5.243792724609375000e+02	3.332449951171875000e+02
-1.389486999511718750e+02	5.327792968750000000e+02	3.539309997558593750e+02
-1.356087036132812500e+02	5.078915100097656250e+02	3.532124023437500000e+02
-1.443457031250000000e+02	4.953380126953125000e+02	3.249808044433593750e+02
-1.591065063476562500e+02	5.155341186523437500e+02	3.065949096679687500e+02
-1.753764953613281250e+02	5.232335815429687500e+02	3.242781066894531250e+02
-1.813247985839843750e+02	5.453275146484375000e+02	3.056326904296875000e+02
-1.979786987304687500e+02	5.285794067382812500e+02	2.955072021484375000e+02
-2.119279937744140625e+02	5.411314697265625000e+02	3.165108032226562500e+02
-2.156685943603515625e+02	5.262777099609375000e+02	3.389515075683593750e+02
-2.137288055419921875e+02	4.993098144531250000e+02	3.413807067871093750e+02
-2.248041992187500000e+02	5.022213134765625000e+02	3.146756896972656250e+02
-2.549915924072265625e+02	5.100382995605468750e+02	3.166192016601562500e+02
-2.580651855468750000e+02	4.851856994628906250e+02	3.257987060546875000e+02
-2.565498046875000000e+02	4.861148071289062500e+02	2.970484008789062500e+02
-2.606437072753906250e+02	4.801776123046875000e+02	2.701203918457031250e+02
-2.444817962646484375e+02	4.615798034667968750e+02	2.753880004882812500e+02
-2.443175964355468750e+02	4.405946960449218750e+02	2.954442138671875000e+02
-2.716383972167968750e+02	4.397900085449218750e+02	2.892420043945312500e+02
-2.672413024902343750e+02	4.128046875000000000e+02	2.803067932128906250e+02
-2.683861999511718750e+02	4.172408142089843750e+02	2.539432067871093750e+02
-2.931867065429687500e+02	4.274985961914062500e+02	2.579191894531250000e+02
-3.031651000976562500e+02	4.041369018554687500e+02	2.566465148925781250e+02
-3.070754089355468750e+02	4.008153991699218750e+02	2.826398010253906250e+02
-3.178700866699218750e+02	4.242513122558593750e+02	2.943059997558593750e+02
-3.344829101562500000e+02	4.465444030761718750e+02	2.851001892089843750e+02
-3.459531860351562500e+02	4.274436035156250000e+02	2.731973876953125000e+02
-3.535534973144531250e+02	4.160245056152343750e+02	3.005887145996093750e+02
-3.708008117675781250e+02	4.333005981445312500e+02	3.089943847656250000e+02
-3.873916015625000000e+02	4.329491882324218750e+02	2.855508117675781250e+02
-3.877546081542968750e+02	4.094981994628906250e+02	2.760018920898437500e+02
-3.954746093750000000e+02	3.970770874023437500e+02	2.993843078613281250e+02
-3.842019042968750000e+02	3.745043945312500000e+02	3.113378906250000000e+02
-3.871607971191406250e+02	3.673700866699218750e+02	2.874607849121093750e+02
-4.051163024902343750e+02	3.628819885253906250e+02	2.625492858886718750e+02
-4.237936096191406250e+02	3.699823913574218750e+02	2.777738952636718750e+02
-4.331260070800781250e+02	3.565328063964843750e+02	3.020086975097656250e+02
-4.461379089355468750e+02	3.458367919921875000e+02	2.824043884277343750e+02
-4.281935119628906250e+02	3.253252868652343750e+02	2.866715087890625000e+02
-4.379692993164062500e+02	3.117815856933593750e+02	2.582225036621093750e+02
-4.225309143066406250e+02	2.887962036132812500e+02	2.619573974609375000e+02
-4.423894958496093750e+02	2.911831054687500000e+02	2.842549133300781250e+02
-4.681888122558593750e+02	3.050628051757812500e+02	2.977012939453125000e+02
-4.868792114257812500e+02	2.998324890136718750e+02	2.799916076660156250e+02
-4.924064025878906250e+02	2.834855041503906250e+02	2.998121032714843750e+02
-4.858684997558593750e+02	2.584439086914062500e+02	3.012796020507812500e+02
-4.818233032226562500e+02	2.428939056396484375e+02	2.771798095703125000e+02
-4.789722900390625000e+02	2.184268035888671875e+02	2.793705139160156250e+02
-4.929985046386718750e+02	2.209804992675781250e+02	3.009060974121093750e+02
-5.161958007812500000e+02	2.329403991699218750e+02	3.009009094238281250e+02
-5.234509887695312500e+02	2.360473937988281250e+02	2.725231018066406250e+02
-5.461156005859375000e+02	2.488746948242187500e+02	2.855855102539062500e+02
-5.580416870117187500e+02	2.486891021728515625e+02	2.652809143066406250e+02
-5.598328247070312500e+02	2.264915008544921875e+02	2.486325073242187500e+02
-5.661582031250000000e+02	2.018287963867187500e+02	2.573963928222656250e+02
-5.743850097656250000e+02	2.058363952636718750e+02	2.815105895996093750e+02
-5.978598022460937500e+02	2.168087005615234375e+02	2.758595886230468750e+02
-6.122573242187500000e+02	1.935711975097656250e+02	2.663373107910156250e+02
-6.295953979492187500e+02	2.059476928710937500e+02	2.804855041503906250e+02
-6.198278198242187500e+02	2.064591979980468750e+02	3.042442016601562500e+02
-6.095187988281250000e+02	1.844577941894531250e+02	3.136571960449218750e+02
-6.321613159179687500e+02	1.676098937988281250e+02	3.121387023925781250e+02
-6.223131713867187500e+02	1.599895019531250000e+02	3.331444091796875000e+02
-6.091600952148437500e+02	1.426775054931640625e+02	3.140949096679687500e+02
-5.957694091796875000e+02	1.297893066406250000e+02	3.343298950195312500e+02
-5.739890136718750000e+02	1.307507934570312500e+02	3.174270935058593750e+02
-5.863607177734375000e+02	1.061378021240234375e+02	3.140054931640625000e+02
-5.637501220703125000e+02	9.116210174560546875e+01	3.039816894531250000e+02
-5.777432861328125000e+02	1.078777008056640625e+02	2.846134948730468750e+02
-6.033505859375000000e+02	1.117228012084960938e+02	2.704437866210937500e+02
-6.184691772460937500e+02	9.336170196533203125e+01	2.805443115234375000e+02
-6.318109130859375000e+02	9.133499908447265625e+01	2.579349975585937500e+02
-6.168358764648437500e+02	7.691339874267578125e+01	2.404685058593750000e+02
-5.984515991210937500e+02	6.012070083618164062e+01	2.471416015625000000e+02
-6.089088134765625000e+02	5.237300109863281250e+01	2.676361999511718750e+02
-6.401987915039062500e+02	4.457360076904296875e+01	2.598623962402343750e+02
-6.383009033203125000e+02	1.972060012817382812e+01	2.690439147949218750e+02
-6.396395263671875000e+02	2.853470039367675781e+01	2.920426025390625000e+02
-6.714017944335937500e+02	3.267800140380859375e+01	2.906564941406250000e+02
-6.692526855468750000e+02	4.539989852905273438e+01	3.105823059082031250e+02
-6.523977050781250000e+02	3.200880050659179688e+01	3.282298889160156250e+02
-6.572703857421875000e+02	-4.769999906420707703e-02	3.267323913574218750e+02
-6.816984252929687500e+02	1.297700047492980957e+00	3.236224060058593750e+02
-6.863035278320312500e+02	1.100590038299560547e+01	3.490071105957031250e+02
-7.055661010742187500e+02	-6.177999973297119141e+00	3.541014099121093750e+02
-6.876931152343750000e+02	-1.134449958801269531e+01	3.634812011718750000e+02
-6.729064941406250000e+02	-5.756610107421875000e+01	4.313640136718750000e+02
-6.230394897460937500e+02	-1.115784988403320312e+02	4.592482910156250000e+02
-6.717282104492187500e+02	-9.759929656982421875e+01	3.987355957031250000e+02
-6.978458862304687500e+02	-5.352830123901367188e+01	3.334425964355468750e+02
-7.141542968750000000e+02	-6.697239685058593750e+01	3.400469970703125000e+02
-6.973400268554687500e+02	-6.810659790039062500e+01	3.635729064941406250e+02
-6.922593994140625000e+02	-9.110220336914062500e+01	3.534352111816406250e+02
-6.682114868164062500e+02	-7.919120025634765625e+01	3.549750061035156250e+02
-6.643284301757812500e+02	-8.078929901123046875e+01	3.272692871093750000e+02
-6.544423828125000000e+02	-1.066717987060546875e+02	3.351906127929687500e+02
-6.430159912109375000e+02	-1.024055023193359375e+02	3.144956054687500000e+02
-6.568002929687500000e+02	-9.586630249023437500e+01	2.848846130371093750e+02
-6.664633789062500000e+02	-1.198251037597656250e+02	2.961542968750000000e+02
-6.926643066406250000e+02	-1.098378982543945312e+02	2.929482116699218750e+02
-6.937568969726562500e+02	-1.223852005004882812e+02	2.620862121582031250e+02
-7.165026855468750000e+02	-1.313005065917968750e+02	2.726246032714843750e+02
-7.066173706054687500e+02	-1.498764038085937500e+02	2.940162048339843750e+02
-7.278833007812500000e+02	-1.630820007324218750e+02	2.890896911621093750e+02
-7.102078857421875000e+02	-1.720709075927734375e+02	2.673017883300781250e+02
-6.876281127929687500e+02	-1.702019042968750000e+02	2.493878936767578125e+02
-6.745582275390625000e+02	-1.707149047851562500e+02	2.714794921875000000e+02
-6.840327148437500000e+02	-1.942877960205078125e+02	2.928114013671875000e+02
-6.619481811523437500e+02	-2.037138061523437500e+02	3.031419982910156250e+02
-6.458975219726562500e+02	-2.064248962402343750e+02	2.802170104980468750e+02
-6.743071289062500000e+02	-2.248780975341796875e+02	2.673817138671875000e+02
-6.988126220703125000e+02	-2.397861022949218750e+02	2.681557922363281250e+02
-6.905811767578125000e+02	-2.398569946289062500e+02	2.929187927246093750e+02
-6.676463012695312500e+02	-2.497102050781250000e+02	2.988739013671875000e+02
-6.478463134765625000e+02	-2.622786865234375000e+02	2.855834960937500000e+02
-6.534661254882812500e+02	-2.798046875000000000e+02	3.064717102050781250e+02
-6.807141723632812500e+02	-2.915275878906250000e+02	2.965593872070312500e+02
-6.725167236328125000e+02	-2.985191955566406250e+02	2.729047851562500000e+02
-6.540115966796875000e+02	-3.121000061035156250e+02	2.581028137207031250e+02
-6.473743286132812500e+02	-3.234754943847656250e+02	2.793754882812500000e+02
-6.637384033203125000e+02	-3.337701110839843750e+02	3.008904113769531250e+02
-6.855330200195312500e+02	-3.424580078125000000e+02	2.842402954101562500e+02
-6.867705078125000000e+02	-3.602001953125000000e+02	2.991726074218750000e+02
-6.635618286132812500e+02	-3.705856933593750000e+02	2.812092895507812500e+02
-6.602272949218750000e+02	-3.932479858398437500e+02	3.004469909667968750e+02
-6.842938842773437500e+02	-4.020140991210937500e+02	2.915390014648437500e+02
-6.693280029296875000e+02	-4.183673095703125000e+02	2.785342102050781250e+02
-6.670855102539062500e+02	-4.056160888671875000e+02	2.560220947265625000e+02
-6.912078247070312500e+02	-4.001583862304687500e+02	2.447214050292968750e+02
-7.011561889648437500e+02	-4.249265136718750000e+02	2.514893951416015625e+02
-6.836262817382812500e+02	-4.339776916503906250e+02	2.386710968017578125e+02
-6.883292236328125000e+02	-4.231684875488281250e+02	2.080334014892578125e+02
-6.626171875000000000e+02	-4.297616882324218750e+02	2.056587066650390625e+02
-6.602341918945312500e+02	-4.626383972167968750e+02	2.119129028320312500e+02
-6.566115112304687500e+02	-4.676184082031250000e+02	1.853842010498046875e+02
-6.794110107421875000e+02	-4.813128967285156250e+02	1.837751007080078125e+02
-6.673978881835937500e+02	-4.963904113769531250e+02	2.024217987060546875e+02
-6.453707885742187500e+02	-5.081283874511718750e+02	1.878533020019531250e+02
-6.321751098632812500e+02	-5.107864074707031250e+02	2.116208038330078125e+02
-6.276704711914062500e+02	-5.347863769531250000e+02	2.040348052978515625e+02
-6.473790893554687500e+02	-5.376687011718750000e+02	2.243941955566406250e+02
-6.706281738281250000e+02	-5.441268920898437500e+02	2.131318054199218750e+02
-6.717423095703125000e+02	-5.491397705078125000e+02	1.853706970214843750e+02
-6.642548217773437500e+02	-5.706340942382812500e+02	2.004407043457031250e+02
-6.874774169921875000e+02	-5.887410278320312500e+02	2.057328033447265625e+02
-7.044456176757812500e+02	-5.842886962890625000e+02	1.871690063476562500e+02
-6.878782958984375000e+02	-5.865292968750000000e+02	1.662391967773437500e+02
-6.860239257812500000e+02	-6.121663818359375000e+02	1.754931030273437500e+02
-6.601621704101562500e+02	-6.082517700195312500e+02	1.790397949218750000e+02
-6.491254882812500000e+02	-6.273848876953125000e+02	1.646625061035156250e+02
-6.300076904296875000e+02	-6.097460937500000000e+02	1.605252990722656250e+02
-6.435183105468750000e+02	-5.992014770507812500e+02	1.400906982421875000e+02
-6.279370117187500000e+02	-6.140993041992187500e+02	1.219073028564453125e+02
-6.244149780273437500e+02	-5.902420043945312500e+02	1.031512985229492188e+02
-6.458464965820312500e+02	-6.079118041992187500e+02	9.739620208740234375e+01
-6.697606811523437500e+02	-5.938621826171875000e+02	9.223169708251953125e+01
-6.551267700195312500e+02	-5.892335815429687500e+02	6.947979736328125000e+01
-6.494780273437500000e+02	-6.124304199218750000e+02	6.137220001220703125e+01
-6.790805053710937500e+02	-6.149196777343750000e+02	5.313859939575195312e+01
-7.036646728515625000e+02	-6.294487915039062500e+02	6.172290039062500000e+01
-6.871278076171875000e+02	-6.484763183593750000e+02	6.897370147705078125e+01
-6.760006713867187500e+02	-6.553353881835937500e+02	4.296480178833007812e+01
-6.961931152343750000e+02	-6.677781982421875000e+02	3.899739837646484375e+01
-6.875255126953125000e+02	-6.875635986328125000e+02	6.348550033569335938e+01
-6.770612182617187500e+02	-7.017860107421875000e+02	4.422100067138671875e+01
-6.550031127929687500e+02	-6.975853881835937500e+02	6.313230133056640625e+01
-6.418782958984375000e+02	-6.850980224609375000e+02	4.251720046997070312e+01
-6.313303833007812500e+02	-7.122728271484375000e+02	3.645059967041015625e+01
-6.378875122070312500e+02	-7.061358032226562500e+02	1.251659965515136719e+01
-6.101878051757812500e+02	-6.998458862304687500e+02	1.472739982604980469e+01
-5.994736938476562500e+02	-6.739570922851562500e+02	1.776679992675781250e+01
-6.192921752929687500e+02	-6.712304077148437500e+02	1.141199946403503418e+00
-6.102991943359375000e+02	-6.895122070312500000e+02	-2.548660087585449219e+01
-5.893400268554687500e+02	-6.744589843750000000e+02	-3.180970001220703125e+01
-6.005037231445312500e+02	-6.681190795898437500e+02	-5.334889984130859375e+01
-6.115192871093750000e+02	-6.433815917968750000e+02	-4.500289916992187500e+01
-6.340244140625000000e+02	-6.528616943359375000e+02	-4.107189941406250000e+01
-6.409891967773437500e+02	-6.766047973632812500e+02	-5.884260177612304688e+01
-6.605051269531250000e+02	-6.586470947265625000e+02	-7.150969696044921875e+01
-6.796207275390625000e+02	-6.654465942382812500e+02	-5.621689987182617188e+01
-6.727542724609375000e+02	-6.986428833007812500e+02	-6.064659881591796875e+01
-6.926179199218750000e+02	-6.968779907226562500e+02	-7.234629821777343750e+01
-6.769813232421875000e+02	-6.970249023437500000e+02	-9.885540008544921875e+01
-6.858154907226562500e+02	-7.218624877929687500e+02	-1.037968978881835938e+02
-6.603886718750000000e+02	-7.256630249023437500e+02	-1.083965988159179688e+02
-6.431920166015625000e+02	-7.136823120117187500e+02	-1.242930984497070312e+02
-6.650765991210937500e+02	-7.196619873046875000e+02	-1.413497009277343750e+02
-6.700512084960937500e+02	-6.903137207031250000e+02	-1.445238037109375000e+02
-6.912039184570312500e+02	-6.946738281250000000e+02	-1.614750976562500000e+02
-6.773181762695312500e+02	-7.103167724609375000e+02	-1.779615020751953125e+02
-6.529030151367187500e+02	-7.027631225585937500e+02	-1.766737060546875000e+02
-6.499024047851562500e+02	-6.730579223632812500e+02	-1.721589050292968750e+02
-6.275910034179687500e+02	-6.705883789062500000e+02	-1.841961975097656250e+02
-6.461237182617187500e+02	-6.717634277343750000e+02	-2.024432067871093750e+02
-6.707553100585937500e+02	-6.589259033203125000e+02	-2.085617065429687500e+02
-6.721054077148437500e+02	-6.390734863281250000e+02	-1.938222045898437500e+02
-6.504321289062500000e+02	-6.196329956054687500e+02	-1.936992034912109375e+02
-6.434436035156250000e+02	-6.278583984375000000e+02	-2.176925048828125000e+02
-6.684439086914062500e+02	-6.087885742187500000e+02	-2.325437927246093750e+02
-6.530065917968750000e+02	-6.306354980468750000e+02	-2.522637939453125000e+02
-6.417102050781250000e+02	-6.139349975585937500e+02	-2.617359924316406250e+02
-6.678734741210937500e+02	-6.152531127929687500e+02	-2.797300109863281250e+02
-6.623967895507812500e+02	-6.278931274414062500e+02	-3.016207885742187500e+02
-6.499954223632812500e+02	-6.067626953125000000e+02	-3.080726928710937500e+02
-6.550253906250000000e+02	-5.800861206054687500e+02	-3.073399963378906250e+02
-6.782313842773437500e+02	-5.763557128906250000e+02	-3.041777954101562500e+02
-7.031607055664062500e+02	-5.869976196289062500e+02	-3.075307922363281250e+02
-6.943140258789062500e+02	-5.905496826171875000e+02	-3.328518981933593750e+02
-7.029273071289062500e+02	-6.103789062500000000e+02	-3.477488098144531250e+02
-7.262210083007812500e+02	-6.050267944335937500e+02	-3.444981994628906250e+02
-7.273928222656250000e+02	-5.816441040039062500e+02	-3.521069946289062500e+02
-7.137075195312500000e+02	-5.607349853515625000e+02	-3.581955871582031250e+02
-6.989987182617187500e+02	-5.720919799804687500e+02	-3.808724060058593750e+02
-6.976079101562500000e+02	-5.833582763671875000e+02	-4.035299987792968750e+02
-6.717833251953125000e+02	-5.837072143554687500e+02	-4.026271972656250000e+02
-6.682470703125000000e+02	-5.726939086914062500e+02	-4.235238952636718750e+02
-6.770244140625000000e+02	-5.501464233398437500e+02	-4.123269958496093750e+02
-6.996968994140625000e+02	-5.474315185546875000e+02	-4.316741027832031250e+02
-7.139801025390625000e+02	-5.330609741210937500e+02	-4.204667053222656250e+02
-6.914404296875000000e+02	-5.142836914062500000e+02	-4.246789855957031250e+02
-6.892578125000000000e+02	-5.021896972656250000e+02	-3.991961975097656250e+02
-7.013958129882812500e+02	-4.813161926269531250e+02	-4.098310852050781250e+02
-6.954108276367187500e+02	-4.618662109375000000e+02	-3.944725036621093750e+02
-6.775103759765625000e+02	-4.676961059570312500e+02	-3.778033142089843750e+02
-6.594301757812500000e+02	-4.624410095214843750e+02	-3.941433105468750000e+02
-6.502565917968750000e+02	-4.781275024414062500e+02	-4.159349975585937500e+02
-6.617324829101562500e+02	-4.651265869140625000e+02	-4.371863098144531250e+02
-6.485147094726562500e+02	-4.771055908203125000e+02	-4.562088012695312500e+02
-6.297537841796875000e+02	-4.648269042968750000e+02	-4.480855102539062500e+02
-7.065850830078125000e+02	-4.305910949707031250e+02	-4.434382934570312500e+02
-6.353873291015625000e+02	-4.228406066894531250e+02	-4.434472961425781250e+02
-6.299042968750000000e+02	-4.292336120605468750e+02	-4.647374877929687500e+02
-6.556721801757812500e+02	-4.328012084960937500e+02	-4.811787109375000000e+02
-6.752814941406250000e+02	-4.187171936035156250e+02	-4.841054992675781250e+02
-6.630883789062500000e+02	-3.966907043457031250e+02	-4.784331970214843750e+02
-6.452313842773437500e+02	-3.988111877441406250e+02	-4.972638854980468750e+02
-6.554129028320312500e+02	-4.087713928222656250e+02	-5.208936767578125000e+02
-6.326674194335937500e+02	-4.199030151367187500e+02	-5.256132202148437500e+02
-6.329645996093750000e+02	-4.050578002929687500e+02	-5.463981933593750000e+02
-6.222163696289062500e+02	-3.881182861328125000e+02	-5.328524780273437500e+02
-5.982733764648437500e+02	-4.029525146484375000e+02	-5.340598754882812500e+02
-5.826448974609375000e+02	-3.888084106445312500e+02	-5.165292968750000000e+02
-5.889869995117187500e+02	-3.655455932617187500e+02	-5.290897827148437500e+02
-5.717739257812500000e+02	-3.580285949707031250e+02	-5.519982910156250000e+02
-5.835307006835937500e+02	-3.389609069824218750e+02	-5.611303100585937500e+02
-5.771533203125000000e+02	-3.196679077148437500e+02	-5.475823974609375000e+02
-5.675097045898437500e+02	-3.227091064453125000e+02	-5.201710815429687500e+02
-5.469089965820312500e+02	-3.076068115234375000e+02	-5.198513793945312500e+02
-5.358327026367187500e+02	-3.294588012695312500e+02	-5.265988769531250000e+02
-5.322938842773437500e+02	-3.309172973632812500e+02	-5.535305175781250000e+02
-5.256381225585937500e+02	-3.097632141113281250e+02	-5.663035278320312500e+02
-5.021640014648437500e+02	-3.086632995605468750e+02	-5.516530151367187500e+02
-4.964085998535156250e+02	-3.166806030273437500e+02	-5.769849853515625000e+02
-4.956339111328125000e+02	-3.444567871093750000e+02	-5.772539062500000000e+02
-4.856918945312500000e+02	-3.532489013671875000e+02	-5.511660766601562500e+02
-4.771823120117187500e+02	-3.679737854003906250e+02	-5.705319213867187500e+02
-4.604758911132812500e+02	-3.539060058593750000e+02	-5.873370971679687500e+02
-4.539838867187500000e+02	-3.317177124023437500e+02	-5.754083862304687500e+02
-4.412242126464843750e+02	-3.539289855957031250e+02	-5.578562011718750000e+02
-4.422072143554687500e+02	-3.315328979492187500e+02	-5.410728759765625000e+02
-4.165061950683593750e+02	-3.354211120605468750e+02	-5.435184936523437500e+02
-4.174713134765625000e+02	-3.600609130859375000e+02	-5.341527709960937500e+02
-4.393388977050781250e+02	-3.644301147460937500e+02	-5.193063964843750000e+02
-4.428478088378906250e+02	-3.427200012207031250e+02	-5.048918151855468750e+02
-4.226686096191406250e+02	-3.297941894531250000e+02	-5.033698120117187500e+02
-4.165387878417968750e+02	-3.515747985839843750e+02	-4.954106140136718750e+02
-3.875784912109375000e+02	-2.692927856445312500e+02	-4.897135925292968750e+02
-3.150938110351562500e+02	-2.343092956542968750e+02	-4.640855102539062500e+02
-2.411300048828125000e+02	-2.636875000000000000e+02	-4.281724853515625000e+02
-1.808038024902343750e+02	-3.248283081054687500e+02	-3.920838928222656250e+02
-1.309091033935546875e+02	-4.041854858398437500e+02	-3.577369995117187500e+02
-8.880259704589843750e+01	-4.966918945312500000e+02	-3.257709045410156250e+02
-1.112783966064453125e+02	-5.001394958496093750e+02	-3.270256958007812500e+02
-1.028496017456054688e+02	-5.223027954101562500e+02	-3.362363891601562500e+02
-1.193962020874023438e+02	-5.280360717773437500e+02	-3.193894958496093750e+02
-1.016565017700195312e+02	-5.219608154296875000e+02	-3.025732116699218750e+02
-7.580210113525390625e+01	-5.393787231445312500e+02	-3.109870910644531250e+02
-1.188189010620117188e+02	-4.858688049316406250e+02	-3.007070922851562500e+02
-8.608920288085937500e+01	-5.707402954101562500e+02	-2.994052124023437500e+02
-9.146360015869140625e+01	-5.899744262695312500e+02	-3.148543090820312500e+02
-7.084110260009765625e+01	-5.801492919921875000e+02	-3.273156127929687500e+02
-5.938309860229492188e+01	-5.974567260742187500e+02	-3.087644042968750000e+02
-4.218780136108398438e+01	-5.762243041992187500e+02	-3.090559997558593750e+02
-4.781809997558593750e+01	-5.688626708984375000e+02	-2.844934997558593750e+02
-5.643939971923828125e+01	-5.911190795898437500e+02	-2.671830139160156250e+02
-5.764709854125976562e+01	-5.800584106445312500e+02	-2.455462951660156250e+02
-3.130710029602050781e+01	-5.807816162109375000e+02	-2.412413024902343750e+02
-1.057229995727539062e+01	-5.949915771484375000e+02	-2.516838989257812500e+02
-1.608760070800781250e+01	-6.170003051757812500e+02	-2.622726135253906250e+02
-2.465110015869140625e+01	-6.204089965820312500e+02	-2.385317993164062500e+02
-4.408160018920898438e+01	-6.408414916992187500e+02	-2.470968017578125000e+02
-6.209809875488281250e+01	-6.322100219726562500e+02	-2.242978057861328125e+02
-8.202149963378906250e+01	-6.485111083984375000e+02	-2.286199951171875000e+02
-8.270400238037109375e+01	-6.424221191406250000e+02	-2.050363006591796875e+02
-7.918450164794921875e+01	-6.695432128906250000e+02	-1.940733947753906250e+02
-5.382040023803710938e+01	-6.784295043945312500e+02	-1.940411071777343750e+02
-4.855550003051757812e+01	-6.590554199218750000e+02	-1.788565979003906250e+02
-5.348429870605468750e+01	-6.770902099609375000e+02	-1.590924072265625000e+02
-7.154029846191406250e+01	-6.702344970703125000e+02	-1.413074035644531250e+02
-6.722940063476562500e+01	-6.453054199218750000e+02	-1.424230041503906250e+02
-4.422190093994140625e+01	-6.307136840820312500e+02	-1.435740051269531250e+02
-3.703879928588867188e+01	-6.505401000976562500e+02	-1.262858963012695312e+02
-1.285239982604980469e+01	-6.524244995117187500e+02	-1.416817016601562500e+02
-8.435000181198120117e-01	-6.358057250976562500e+02	-1.231825027465820312e+02
1.785160064697265625e+01	-6.560136718750000000e+02	-1.231699981689453125e+02
8.813500404357910156e+00	-6.823983154296875000e+02	-1.213703002929687500e+02
2.056450080871582031e+01	-6.796962280273437500e+02	-9.877259826660156250e+01
-3.486500024795532227e+00	-6.839418945312500000e+02	-9.046080017089843750e+01
-1.142969989776611328e+01	-6.603853149414062500e+02	-7.675930023193359375e+01
-2.129280090332031250e+01	-6.731635131835937500e+02	-5.677610015869140625e+01
7.867300033569335938e+00	-6.734443969726562500e+02	-5.289390182495117188e+01
2.136400032043457031e+01	-6.582800903320312500e+02	-3.754219818115234375e+01
3.758029937744140625e+01	-6.391203002929687500e+02	-4.480400085449218750e+01
1.986580085754394531e+01	-6.191849975585937500e+02	-4.959680175781250000e+01
2.751600027084350586e+00	-6.257899780273437500e+02	-3.140439987182617188e+01
1.396850013732910156e+01	-6.283107299804687500e+02	-4.731299877166748047e+00
3.063960075378417969e+01	-6.093449096679687500e+02	8.013799667358398438e+00
2.759989929199218750e+01	-5.883209838867187500e+02	-5.191999912261962891e+00
1.340700030326843262e+00	-5.845048217773437500e+02	-9.093099594116210938e+00
-1.379599952697753906e+01	-5.972841796875000000e+02	5.741899967193603516e+00
-2.972380065917968750e+01	-5.719515991210937500e+02	8.000699996948242188e+00
-4.339500045776367188e+01	-5.876981811523437500e+02	2.073940086364746094e+01
-2.800250053405761719e+01	-5.804595947265625000e+02	4.289550018310546875e+01
-4.021760177612304688e+01	-5.929523925781250000e+02	6.090470123291015625e+01
-1.928910064697265625e+01	-6.020717773437500000e+02	7.573590087890625000e+01
-2.759650039672851562e+01	-5.756494750976562500e+02	8.744599914550781250e+01
-2.706399917602539062e+00	-5.762797851562500000e+02	9.502819824218750000e+01
8.092399597167968750e+00	-5.679951171875000000e+02	7.227089691162109375e+01
-5.176099777221679688e+00	-5.416751708984375000e+02	7.793099975585937500e+01
1.189700031280517578e+01	-5.296492919921875000e+02	6.406590270996093750e+01
2.691370010375976562e+01	-5.276611938476562500e+02	8.526899719238281250e+01
3.360499954223632812e+01	-5.009519042968750000e+02	8.891390228271484375e+01
2.153009986877441406e+01	-4.980815124511718750e+02	1.112397994995117188e+02
-2.252899885177612305e+00	-4.946144104003906250e+02	1.103293991088867188e+02
-2.424799919128417969e+00	-4.801188964843750000e+02	8.825710296630859375e+01
9.250800132751464844e+00	-4.549590148925781250e+02	9.519390106201171875e+01
1.004249954223632812e+01	-4.517443847656250000e+02	6.945179748535156250e+01
-2.555200099945068359e+00	-3.747739868164062500e+02	9.688490295410156250e+01
-1.941500091552734375e+01	-4.444991149902343750e+02	7.111049652099609375e+01
-3.854980087280273438e+01	-4.591134033203125000e+02	7.289129638671875000e+01
-5.491220092773437500e+01	-4.670552062988281250e+02	9.379460144042968750e+01
-4.399489974975585938e+01	-4.511759033203125000e+02	1.102556991577148438e+02
-3.574980163574218750e+01	-4.226335144042968750e+02	1.229027023315429688e+02
-5.964550018310546875e+01	-4.224075927734375000e+02	1.237353973388671875e+02
-7.264129638671875000e+01	-4.198037109375000000e+02	1.470688018798828125e+02
-7.689479827880859375e+01	-3.973854980468750000e+02	1.418377990722656250e+02
-1.021605987548828125e+02	-4.045747070312500000e+02	1.312505035400390625e+02
-9.225469970703125000e+01	-3.993446044921875000e+02	1.078570022583007812e+02
-8.935220336914062500e+01	-3.717668151855468750e+02	1.157535018920898438e+02
-6.246699905395507812e+01	-3.591445007324218750e+02	1.022222976684570312e+02
-8.149669647216796875e+01	-3.618821105957031250e+02	8.252839660644531250e+01
-7.720300292968750000e+01	-3.578067932128906250e+02	5.720349884033203125e+01
-5.847750091552734375e+01	-3.402025146484375000e+02	6.332979965209960938e+01
-7.269909667968750000e+01	-3.213543090820312500e+02	7.823930358886718750e+01
-1.014964981079101562e+02	-3.246940002441406250e+02	8.106590270996093750e+01
-1.146167984008789062e+02	-3.066023864746093750e+02	9.850209808349609375e+01
-9.762930297851562500e+01	-2.874180908203125000e+02	9.507749938964843750e+01
-1.202761001586914062e+02	-2.744739074707031250e+02	8.677279663085937500e+01
-1.145495986938476562e+02	-2.894223937988281250e+02	6.603420257568359375e+01
-1.428583068847656250e+02	-2.961769104003906250e+02	6.703140258789062500e+01
-1.476582031250000000e+02	-3.124349975585937500e+02	5.081930160522460938e+01
-1.457160949707031250e+02	-2.931921081542968750e+02	3.268429946899414062e+01
-1.376725006103515625e+02	-3.168218994140625000e+02	1.606879997253417969e+01
-1.441378021240234375e+02	-2.974743041992187500e+02	-7.605000138282775879e-01
-1.268158035278320312e+02	-3.080633850097656250e+02	-1.905270004272460938e+01
-1.058824005126953125e+02	-2.988468933105468750e+02	-1.816499948501586914e+00
-1.052051010131835938e+02	-2.749119873046875000e+02	-1.513029956817626953e+01
-1.025970993041992188e+02	-2.598569030761718750e+02	5.761700153350830078e+00
-1.292062988281250000e+02	-2.512416992187500000e+02	-5.537099838256835938e+00
-1.412440032958984375e+02	-2.280511016845703125e+02	2.723000049591064453e-01
-1.188180007934570312e+02	-2.147265930175781250e+02	-2.026400089263916016e+00
-1.131988983154296875e+02	-2.174308929443359375e+02	-2.720540046691894531e+01
-1.132748031616210938e+02	-1.920554962158203125e+02	-3.547389984130859375e+01
-1.372949066162109375e+02	-1.843717041015625000e+02	-2.726840019226074219e+01
-1.566309967041015625e+02	-1.981493072509765625e+02	-3.373099899291992188e+01
-1.553670043945312500e+02	-2.206844940185546875e+02	-4.732220077514648438e+01
-1.406817932128906250e+02	-2.091101074218750000e+02	-6.819429779052734375e+01
-1.346011962890625000e+02	-2.341493988037109375e+02	-7.970290374755859375e+01
-1.231495971679687500e+02	-2.273650054931640625e+02	-1.032360000610351562e+02
-1.466958007812500000e+02	-2.379051055908203125e+02	-1.084923019409179688e+02
-1.641726989746093750e+02	-2.142825012207031250e+02	-1.086228027343750000e+02
-1.818795013427734375e+02	-2.211618957519531250e+02	-1.266912994384765625e+02
-1.676520996093750000e+02	-2.265623016357421875e+02	-1.494279022216796875e+02
-1.486002044677734375e+02	-2.088002929687500000e+02	-1.480458068847656250e+02
-1.683063964843750000e+02	-1.876342926025390625e+02	-1.385588989257812500e+02
-1.765706024169921875e+02	-1.822115936279296875e+02	-1.638592071533203125e+02
-1.915272064208984375e+02	-1.640209045410156250e+02	-1.515594024658203125e+02
-1.788007965087890625e+02	-1.452319946289062500e+02	-1.376885986328125000e+02
-1.764266052246093750e+02	-1.358296966552734375e+02	-1.659219970703125000e+02
-1.547295074462890625e+02	-1.268841018676757812e+02	-1.564933929443359375e+02
-1.393083953857421875e+02	-1.482819976806640625e+02	-1.591535034179687500e+02
-1.410749969482421875e+02	-1.491304016113281250e+02	-1.884631958007812500e+02
-1.179979019165039062e+02	-1.611856994628906250e+02	-1.987252960205078125e+02
-1.043240966796875000e+02	-1.373101959228515625e+02	-1.993755950927734375e+02
-1.154700012207031250e+02	-1.142913970947265625e+02	-2.072998962402343750e+02
-1.113097991943359375e+02	-1.335903930664062500e+02	-2.261408996582031250e+02
-1.277742996215820312e+02	-1.541515960693359375e+02	-2.344291992187500000e+02
-1.520352020263671875e+02	-1.396768035888671875e+02	-2.340939941406250000e+02
-1.638482971191406250e+02	-1.588273925781250000e+02	-2.508457031250000000e+02
-1.620899047851562500e+02	-1.277039031982421875e+02	-2.636271972656250000e+02
-1.869017028808593750e+02	-1.176093978881835938e+02	-2.592080993652343750e+02
-1.909696960449218750e+02	-1.280684051513671875e+02	-2.807466125488281250e+02
-1.821576995849609375e+02	-1.045934982299804688e+02	-2.908064880371093750e+02
-1.606528930664062500e+02	-8.723310089111328125e+01	-2.943414001464843750e+02
-1.489210968017578125e+02	-1.082527008056640625e+02	-3.045307006835937500e+02
-1.688824005126953125e+02	-1.178231964111328125e+02	-3.215763854980468750e+02
-1.522830047607421875e+02	-1.346752014160156250e+02	-3.312835998535156250e+02
-1.664566040039062500e+02	-1.424044952392578125e+02	-3.548333129882812500e+02
-1.696867980957031250e+02	-1.197360992431640625e+02	-3.673114013671875000e+02
-1.466114959716796875e+02	-1.281499023437500000e+02	-3.815263061523437500e+02
-1.267872009277343750e+02	-1.185820007324218750e+02	-3.678387145996093750e+02
-1.351127014160156250e+02	-9.358380126953125000e+01	-3.652738037109375000e+02
-1.116227035522460938e+02	-8.538459777832031250e+01	-3.731388854980468750e+02
-1.233896026611328125e+02	-8.918219757080078125e+01	-3.996846923828125000e+02
-1.365337066650390625e+02	-6.404540252685546875e+01	-3.956070861816406250e+02
-1.533975982666015625e+02	-7.224189758300781250e+01	-4.142550048828125000e+02
-1.805110015869140625e+02	-6.065539932250976562e+01	-4.153120117187500000e+02
-1.736802978515625000e+02	-3.570100021362304688e+01	-4.108182983398437500e+02
-1.817510070800781250e+02	-3.324929809570312500e+01	-4.353125915527343750e+02
-1.738083038330078125e+02	-4.794950103759765625e+01	-4.570116882324218750e+02
-1.506528930664062500e+02	-5.535490036010742188e+01	-4.632326049804687500e+02
-1.373735046386718750e+02	-3.944290161132812500e+01	-4.486798095703125000e+02
-1.389306030273437500e+02	-1.667480087280273438e+01	-4.642007141113281250e+02
-1.286669006347656250e+02	-3.981199979782104492e+00	-4.429728088378906250e+02
-1.122627029418945312e+02	6.733399868011474609e+00	-4.578463134765625000e+02
-9.750440216064453125e+01	-1.956069946289062500e+01	-4.484032897949218750e+02
-8.269390106201171875e+01	-1.386499977111816406e+01	-4.707681884765625000e+02
-9.806670379638671875e+01	-2.755240058898925781e+01	-4.790068969726562500e+02
-1.490379028320312500e+02	1.407569980621337891e+01	-4.373207092285156250e+02
-1.626856994628906250e+02	7.546060180664062500e+01	-3.921849975585937500e+02
-1.130148010253906250e+02	9.141629791259765625e+01	-4.488316955566406250e+02
-1.070864028930664062e+02	3.304980087280273438e+01	-4.992023010253906250e+02
-6.205300140380859375e+01	-1.429170036315917969e+01	-5.412930297851562500e+02
-7.685359954833984375e+01	-2.309749984741210938e+01	-5.567178955078125000e+02
-6.437830352783203125e+01	-1.011569976806640625e+01	-5.713638916015625000e+02
-4.345140075683593750e+01	-2.213689994812011719e+01	-5.621218261718750000e+02
-4.470270156860351562e+01	-4.547990036010742188e+01	-5.484426879882812500e+02
-5.671599960327148438e+01	-5.795909881591796875e+01	-5.719949951171875000e+02
-3.949679946899414062e+01	-5.572309875488281250e+01	-5.923892211914062500e+02
-5.129919815063476562e+01	-8.340579986572265625e+01	-5.925452270507812500e+02
-3.003459930419921875e+01	-9.097560119628906250e+01	-6.052590942382812500e+02
-1.876549911499023438e+01	-9.027490234375000000e+01	-5.824624023437500000e+02
-3.065859985351562500e+01	-1.135014038085937500e+02	-5.654196777343750000e+02
-1.431289958953857422e+01	-1.295724945068359375e+02	-5.787218017578125000e+02
-8.822000026702880859e-01	-1.215182037353515625e+02	-5.559597778320312500e+02
1.813529968261718750e+01	-1.034876022338867188e+02	-5.647031250000000000e+02
3.480780029296875000e+01	-9.335179901123046875e+01	-5.825935058593750000e+02
3.405670166015625000e+01	-1.088669967651367188e+02	-6.050894165039062500e+02
5.862400054931640625e+01	-1.199832000732421875e+02	-5.953619995117187500e+02
5.583599853515625000e+01	-1.398247070312500000e+02	-5.823417968750000000e+02
4.468379974365234375e+01	-1.551925048828125000e+02	-6.014953002929687500e+02
4.342539978027343750e+01	-1.499062957763671875e+02	-6.271563110351562500e+02
6.570349884033203125e+01	-1.521600952148437500e+02	-6.412415771484375000e+02
8.709760284423828125e+01	-1.418791961669921875e+02	-6.554876098632812500e+02
1.068664016723632812e+02	-1.400930938720703125e+02	-6.404702148437500000e+02
1.015055999755859375e+02	-1.617897033691406250e+02	-6.264420166015625000e+02
9.373149871826171875e+01	-1.753659973144531250e+02	-6.516190185546875000e+02
8.024160003662109375e+01	-2.011697998046875000e+02	-6.456972045898437500e+02
8.830729675292968750e+01	-2.188842010498046875e+02	-6.592609252929687500e+02
1.165884017944335938e+02	-2.166555938720703125e+02	-6.554884033203125000e+02
1.146149978637695312e+02	-2.129891052246093750e+02	-6.314326782226562500e+02
9.450199890136718750e+01	-2.341631927490234375e+02	-6.136113891601562500e+02
1.161001968383789062e+02	-2.444351959228515625e+02	-6.104459228515625000e+02
1.163388977050781250e+02	-2.165124053955078125e+02	-5.898671875000000000e+02
1.237080993652343750e+02	-2.350012054443359375e+02	-5.773624267578125000e+02
1.539774932861328125e+02	-2.274187927246093750e+02	-5.960015869140625000e+02
1.706972961425781250e+02	-2.230567016601562500e+02	-5.772194213867187500e+02
1.928150024414062500e+02	-2.111950073242187500e+02	-5.876220703125000000e+02
1.970375976562500000e+02	-2.211237030029296875e+02	-6.101019897460937500e+02
1.935603027343750000e+02	-2.444649047851562500e+02	-5.969887695312500000e+02
2.097223968505859375e+02	-2.572933959960937500e+02	-5.755270996093750000e+02
1.946210937500000000e+02	-2.806265869140625000e+02	-5.747857055664062500e+02
1.965086975097656250e+02	-2.893851928710937500e+02	-5.976234130859375000e+02
2.247613983154296875e+02	-2.818435058593750000e+02	-6.034304199218750000e+02
2.242861938476562500e+02	-2.924754943847656250e+02	-6.286838989257812500e+02
2.486139984130859375e+02	-2.950379028320312500e+02	-6.205347290039062500e+02
2.342082061767578125e+02	-3.196571960449218750e+02	-6.099317016601562500e+02
2.583772888183593750e+02	-3.258258972167968750e+02	-6.004747924804687500e+02
2.527270050048828125e+02	-3.437822875976562500e+02	-5.849169921875000000e+02
2.435953979492187500e+02	-3.313552856445312500e+02	-5.649462890625000000e+02
2.649281005859375000e+02	-3.188806152343750000e+02	-5.689379882812500000e+02
3.124129943847656250e+02	-3.265321044921875000e+02	-5.660059814453125000e+02
3.206256103515625000e+02	-3.106698913574218750e+02	-5.546464843750000000e+02
3.129567871093750000e+02	-3.246044006347656250e+02	-5.336146240234375000e+02
3.359161071777343750e+02	-3.350486145019531250e+02	-5.401948852539062500e+02
3.323178100585937500e+02	-3.602369995117187500e+02	-5.510986938476562500e+02
3.158026123046875000e+02	-3.732763061523437500e+02	-5.351276855468750000e+02
3.327033081054687500e+02	-3.701577148437500000e+02	-5.087777099609375000e+02
3.194331054687500000e+02	-3.921448059082031250e+02	-5.015932006835937500e+02
3.346181030273437500e+02	-4.018568115234375000e+02	-5.233046264648437500e+02
3.604587097167968750e+02	-3.965050964355468750e+02	-5.290734252929687500e+02
3.640994873046875000e+02	-4.204914855957031250e+02	-5.468856811523437500e+02
3.685704956054687500e+02	-4.330781860351562500e+02	-5.271840209960937500e+02
3.943273010253906250e+02	-4.333576049804687500e+02	-5.369692993164062500e+02
4.049934082031250000e+02	-4.101907958984375000e+02	-5.330748901367187500e+02
4.094656982421875000e+02	-3.999894104003906250e+02	-5.105180969238281250e+02
4.198634033203125000e+02	-4.246131896972656250e+02	-5.068104858398437500e+02
4.069667968750000000e+02	-4.443266906738281250e+02	-4.906994018554687500e+02
3.917167053222656250e+02	-4.516846923828125000e+02	-4.719378051757812500e+02
3.949584045410156250e+02	-4.241935119628906250e+02	-4.655375061035156250e+02
4.011560974121093750e+02	-4.314971923828125000e+02	-4.425314941406250000e+02
4.261209106445312500e+02	-4.259064941406250000e+02	-4.537134094238281250e+02
4.372539062500000000e+02	-4.490779113769531250e+02	-4.444905090332031250e+02
4.666514892578125000e+02	-4.509202880859375000e+02	-4.518605041503906250e+02
4.745480957031250000e+02	-4.308175964355468750e+02	-4.371733093261718750e+02
4.658254089355468750e+02	-4.147398986816406250e+02	-4.166904907226562500e+02
4.822000122070312500e+02	-4.311109924316406250e+02	-4.027246093750000000e+02
4.610920104980468750e+02	-4.340723876953125000e+02	-3.876312866210937500e+02
4.490578918457031250e+02	-4.551076049804687500e+02	-3.975982971191406250e+02
4.701401062011718750e+02	-4.746192016601562500e+02	-4.007578125000000000e+02
4.639324035644531250e+02	-4.846867980957031250e+02	-3.750151977539062500e+02
4.480418090820312500e+02	-4.995494079589843750e+02	-3.881878051757812500e+02
4.656308898925781250e+02	-5.134849853515625000e+02	-4.018208923339843750e+02
4.906390991210937500e+02	-5.219874877929687500e+02	-4.070893859863281250e+02
4.856766052246093750e+02	-5.448463745117187500e+02	-3.919530029296875000e+02
4.889856872558593750e+02	-5.364511108398437500e+02	-3.677789916992187500e+02
5.109238891601562500e+02	-5.183247070312500000e+02	-3.741094055175781250e+02
5.275416259765625000e+02	-5.330247802734375000e+02	-3.876861877441406250e+02
5.377249145507812500e+02	-5.512799072265625000e+02	-3.690368957519531250e+02
5.583175048828125000e+02	-5.347487182617187500e+02	-3.653323974609375000e+02
5.744315185546875000e+02	-5.266242065429687500e+02	-3.443797912597656250e+02
5.517850952148437500e+02	-5.103431091308593750e+02	-3.411838073730468750e+02
5.392003784179687500e+02	-5.323507080078125000e+02	-3.322413024902343750e+02
5.493889160156250000e+02	-5.593693847656250000e+02	-3.282000122070312500e+02
5.448784790039062500e+02	-5.849801025390625000e+02	-3.263956909179687500e+02
5.210609130859375000e+02	-5.741411132812500000e+02	-3.204283142089843750e+02
5.175598754882812500e+02	-5.885449218750000000e+02	-2.978385925292968750e+02
5.400986938476562500e+02	-5.700886230468750000e+02	-2.857236022949218750e+02
5.186646118164062500e+02	-5.539232788085937500e+02	-2.845654907226562500e+02
5.091747131347656250e+02	-5.620239868164062500e+02	-2.601278076171875000e+02
5.033277893066406250e+02	-5.364412231445312500e+02	-2.530697021484375000e+02
5.292993164062500000e+02	-5.309052734375000000e+02	-2.537377014160156250e+02
5.416995849609375000e+02	-5.508392944335937500e+02	-2.346831970214843750e+02
5.673903808593750000e+02	-5.411168212890625000e+02	-2.339232940673828125e+02
5.609038085937500000e+02	-5.166461791992187500e+02	-2.256367034912109375e+02
5.657836303710937500e+02	-5.289998779296875000e+02	-2.028690032958984375e+02
5.394655761718750000e+02	-5.192075195312500000e+02	-1.975034942626953125e+02
5.401732177734375000e+02	-5.329588012695312500e+02	-1.726504058837890625e+02
5.258959960937500000e+02	-5.516798095703125000e+02	-1.833545074462890625e+02
5.496716918945312500e+02	-5.669166870117187500e+02	-1.816004943847656250e+02
5.512512817382812500e+02	-5.959243774414062500e+02	-1.888468017578125000e+02
5.332650146484375000e+02	-6.085117797851562500e+02	-1.769461975097656250e+02
5.382800903320312500e+02	-5.918184814453125000e+02	-1.561876068115234375e+02
5.668427734375000000e+02	-5.928812866210937500e+02	-1.548643035888671875e+02
5.931765136718750000e+02	-5.864362792968750000e+02	-1.560131072998046875e+02
5.979927978515625000e+02	-6.121011962890625000e+02	-1.518101043701171875e+02
5.822653198242187500e+02	-6.229277954101562500e+02	-1.300908050537109375e+02
5.743372192382812500e+02	-6.262996826171875000e+02	-1.071384963989257812e+02
5.640244140625000000e+02	-6.038212890625000000e+02	-9.655500030517578125e+01
5.839926147460937500e+02	-5.843731079101562500e+02	-1.011381988525390625e+02
6.042318725585937500e+02	-6.020872802734375000e+02	-1.014928970336914062e+02
6.089251708984375000e+02	-6.043107299804687500e+02	-7.557150268554687500e+01
6.354536743164062500e+02	-5.968848266601562500e+02	-7.912490081787109375e+01
6.387357788085937500e+02	-5.674528808593750000e+02	-9.090959930419921875e+01
6.543952026367187500e+02	-5.648875122070312500e+02	-7.254599761962890625e+01
6.297568969726562500e+02	-5.691738891601562500e+02	-5.503929901123046875e+01
6.183903808593750000e+02	-5.468786010742187500e+02	-6.138610076904296875e+01
6.004691162109375000e+02	-5.558677978515625000e+02	-3.675650024414062500e+01
6.031406250000000000e+02	-5.280764770507812500e+02	-3.582360076904296875e+01
6.307017822265625000e+02	-5.224675903320312500e+02	-3.263240051269531250e+01
6.226926879882812500e+02	-5.269895019531250000e+02	-8.334400177001953125e+00
6.366997070312500000e+02	-5.522255859375000000e+02	-8.700699806213378906e+00
6.676223754882812500e+02	-5.491458129882812500e+02	-7.262400150299072266e+00
6.646939697265625000e+02	-5.428092041015625000e+02	1.914319992065429688e+01
6.839331054687500000e+02	-5.612274169921875000e+02	2.073100090026855469e+01
6.660482788085937500e+02	-5.798817749023437500e+02	9.972399711608886719e+00
6.422531127929687500e+02	-5.753820800781250000e+02	2.933779907226562500e+01
6.393231811523437500e+02	-6.014354248046875000e+02	2.563479995727539062e+01
6.593922119140625000e+02	-6.097340698242187500e+02	4.266749954223632812e+01
6.623590087890625000e+02	-5.888980102539062500e+02	6.100690078735351562e+01
6.339019775390625000e+02	-6.050911254882812500e+02	6.772579956054687500e+01
6.101688232421875000e+02	-5.970820922851562500e+02	6.436000061035156250e+01
6.181804809570312500e+02	-5.722731933593750000e+02	7.837270355224609375e+01
5.936068725585937500e+02	-5.682122192382812500e+02	8.790499877929687500e+01
5.966818237304687500e+02	-5.901868286132812500e+02	1.023749008178710938e+02
6.201381835937500000e+02	-5.994520263671875000e+02	1.158374023437500000e+02
6.145397949218750000e+02	-5.781046752929687500e+02	1.278945999145507812e+02
6.412734985351562500e+02	-5.681828002929687500e+02	1.203516998291015625e+02
6.499202880859375000e+02	-5.661456909179687500e+02	1.443690032958984375e+02
6.663851928710937500e+02	-5.463300781250000000e+02	1.339846954345703125e+02
6.485712890625000000e+02	-5.283176879882812500e+02	1.241106033325195312e+02
6.347564697265625000e+02	-5.302767944335937500e+02	1.479322967529296875e+02
6.104744262695312500e+02	-5.169736938476562500e+02	1.493233032226562500e+02
6.210905761718750000e+02	-4.949671020507812500e+02	1.370097045898437500e+02
6.142152099609375000e+02	-4.873739013671875000e+02	1.623934936523437500e+02
6.406837768554687500e+02	-4.912962036132812500e+02	1.663435058593750000e+02
6.378449096679687500e+02	-5.050248107910156250e+02	1.894884948730468750e+02
6.509603271484375000e+02	-4.894551086425781250e+02	2.044185943603515625e+02
6.722130737304687500e+02	-5.051087951660156250e+02	2.031316986083984375e+02
6.885175781250000000e+02	-4.894707031250000000e+02	1.881772003173828125e+02
6.880908203125000000e+02	-4.612619018554687500e+02	1.859239044189453125e+02
7.026187744140625000e+02	-4.627544860839843750e+02	1.648271026611328125e+02
7.214627075195312500e+02	-4.593393859863281250e+02	1.847801971435546875e+02
7.323922119140625000e+02	-4.864306030273437500e+02	1.857993927001953125e+02
7.250029907226562500e+02	-4.864439086914062500e+02	2.080108947753906250e+02
7.149404296875000000e+02	-4.732807922363281250e+02	2.316558074951171875e+02
7.382825927734375000e+02	-4.748268127441406250e+02	2.452245025634765625e+02
7.263117065429687500e+02	-4.640115966796875000e+02	2.641419982910156250e+02
7.365369873046875000e+02	-4.420855102539062500e+02	2.527037963867187500e+02
7.114249267578125000e+02	-4.332304077148437500e+02	2.491468963623046875e+02
7.091098022460937500e+02	-4.270209045410156250e+02	2.782155151367187500e+02
6.810869140625000000e+02	-4.227456970214843750e+02	2.707593078613281250e+02
6.848508911132812500e+02	-4.005292053222656250e+02	2.812449951171875000e+02
6.857481079101562500e+02	-3.939414062500000000e+02	2.575645141601562500e+02
7.080584716796875000e+02	-3.765307006835937500e+02	2.554683990478515625e+02
7.067891235351562500e+02	-3.554317932128906250e+02	2.682087097167968750e+02
6.907714843750000000e+02	-3.463540954589843750e+02	2.505214996337890625e+02
6.992767944335937500e+02	-3.484223022460937500e+02	2.247447967529296875e+02
7.227830200195312500e+02	-3.547351989746093750e+02	2.165471954345703125e+02
7.293806152343750000e+02	-3.285390930175781250e+02	2.041728057861328125e+02
7.293582763671875000e+02	-3.169349060058593750e+02	2.266430053710937500e+02
7.481398925781250000e+02	-3.348268127441406250e+02	2.366154022216796875e+02
7.698076782226562500e+02	-3.233045959472656250e+02	2.245711059570312500e+02
7.880664062500000000e+02	-3.320704040527343750e+02	2.388663940429687500e+02
7.858145751953125000e+02	-3.383357849121093750e+02	2.638739013671875000e+02
7.723535766601562500e+02	-3.211749877929687500e+02	2.776824035644531250e+02
7.825496215820312500e+02	-3.032544860839843750e+02	2.625262145996093750e+02
7.564426879882812500e+02	-2.894653930664062500e+02	2.701539916992187500e+02
7.812064819335937500e+02	-2.792547912597656250e+02	2.781435852050781250e+02
7.829052734375000000e+02	-2.588840026855468750e+02	2.553350067138671875e+02
8.046041870117187500e+02	-2.527648925781250000e+02	2.728400878906250000e+02
7.950543212890625000e+02	-2.480357971191406250e+02	2.973315124511718750e+02
7.752943725585937500e+02	-2.294360046386718750e+02	2.922540893554687500e+02
7.762545776367187500e+02	-2.144519042968750000e+02	2.706422119140625000e+02
7.891641845703125000e+02	-2.036161956787109375e+02	2.900851135253906250e+02
8.051470947265625000e+02	-2.006188964843750000e+02	3.098261108398437500e+02
8.239556274414062500e+02	-2.045897979736328125e+02	2.896975097656250000e+02
8.247600708007812500e+02	-1.940704956054687500e+02	2.654082031250000000e+02
8.340885009765625000e+02	-1.703029022216796875e+02	2.748884887695312500e+02
8.089266967773437500e+02	-1.616734924316406250e+02	2.680989990234375000e+02
8.153829956054687500e+02	-1.516575927734375000e+02	2.438424072265625000e+02
8.261218872070312500e+02	-1.332563934326171875e+02	2.579883117675781250e+02
8.027457885742187500e+02	-1.201751022338867188e+02	2.690896911621093750e+02
8.075540161132812500e+02	-1.006026992797851562e+02	2.545242004394531250e+02
7.818701782226562500e+02	-9.391529846191406250e+01	2.502873992919921875e+02
7.752343750000000000e+02	-9.039880371093750000e+01	2.781095886230468750e+02
7.931312866210937500e+02	-7.188580322265625000e+01	2.818151855468750000e+02
7.954291992187500000e+02	-8.686370086669921875e+01	3.044327087402343750e+02
8.219110717773437500e+02	-8.987889862060546875e+01	3.053121948242187500e+02
8.149332885742187500e+02	-7.189450073242187500e+01	3.284417114257812500e+02
8.185573120117187500e+02	-4.962429809570312500e+01	3.178688049316406250e+02
8.430681152343750000e+02	-5.904750061035156250e+01	3.236229858398437500e+02
8.636536865234375000e+02	-6.597250366210937500e+01	3.070433044433593750e+02
8.579920043945312500e+02	-4.935990142822265625e+01	2.894751892089843750e+02
8.793875732421875000e+02	-3.742279815673828125e+01	3.021155090332031250e+02
8.902921752929687500e+02	-2.168420028686523438e+01	3.196050109863281250e+02
8.711732177734375000e+02	-8.274600028991699219e+00	3.221246032714843750e+02
8.558978271484375000e+02	3.657999992370605469e+00	2.995166931152343750e+02
8.764854736328125000e+02	1.622699928283691406e+01	2.919932861328125000e+02
8.703452148437500000e+02	1.821099996566772461e+00	2.701492004394531250e+02
8.998151855468750000e+02	-2.678699970245361328e+00	2.685039978027343750e+02
9.028215942382812500e+02	2.023100090026855469e+01	2.553119049072265625e+02
9.041494750976562500e+02	-6.829000115394592285e-01	2.358609008789062500e+02
8.811071166992187500e+02	-6.252799987792968750e+00	2.235422973632812500e+02
8.879279785156250000e+02	1.932629966735839844e+01	2.154942016601562500e+02
8.587316894531250000e+02	2.709700012207031250e+01	2.270039062500000000e+02
8.458787841796875000e+02	4.102310180664062500e+01	2.078383941650390625e+02
8.455878295898437500e+02	5.664310073852539062e+01	2.280106964111328125e+02
8.728930053710937500e+02	6.101259994506835938e+01	2.247875061035156250e+02
8.728668212890625000e+02	7.599639892578125000e+01	2.022362976074218750e+02
8.985518798828125000e+02	7.844049835205078125e+01	2.073032073974609375e+02
9.003502197265625000e+02	8.890019989013671875e+01	2.320258026123046875e+02
8.887957763671875000e+02	1.105034027099609375e+02	2.193889007568359375e+02
8.727279052734375000e+02	1.098485031127929688e+02	2.403558959960937500e+02
8.880723266601562500e+02	1.262966995239257812e+02	2.611951904296875000e+02
8.818303833007812500e+02	1.495572052001953125e+02	2.449841003417968750e+02
8.687208862304687500e+02	1.542817993164062500e+02	2.675678100585937500e+02
8.499243164062500000e+02	1.343589935302734375e+02	2.621932983398437500e+02
8.385939941406250000e+02	1.432760009765625000e+02	2.394315032958984375e+02
8.210347290039062500e+02	1.657626953125000000e+02	2.579071044921875000e+02
8.069661254882812500e+02	1.585832977294921875e+02	2.397453002929687500e+02
8.278345947265625000e+02	1.757633056640625000e+02	2.269987030029296875e+02
8.139055175781250000e+02	1.552171020507812500e+02	2.027295989990234375e+02
8.055371093750000000e+02	1.784716949462890625e+02	1.940321960449218750e+02
8.347183227539062500e+02	1.770131988525390625e+02	1.904869995117187500e+02
8.363391723632812500e+02	1.760359039306640625e+02	1.647024993896484375e+02
8.603790893554687500e+02	1.863079071044921875e+02	1.698764038085937500e+02
8.729600830078125000e+02	2.073840026855468750e+02	1.822124938964843750e+02
8.490155029296875000e+02	2.196806030273437500e+02	1.735529937744140625e+02
8.627528076171875000e+02	2.290803985595703125e+02	1.507760009765625000e+02
8.442055053710937500e+02	2.264161071777343750e+02	1.333735961914062500e+02
8.267852172851562500e+02	2.412619018554687500e+02	1.502631072998046875e+02
8.473577880859375000e+02	2.583182983398437500e+02	1.513029937744140625e+02
8.571257934570312500e+02	2.603233947753906250e+02	1.773197021484375000e+02
8.327738037109375000e+02	2.685934143066406250e+02	1.934039001464843750e+02
8.520800170898437500e+02	2.899476928710937500e+02	1.930641021728515625e+02
8.491312866210937500e+02	3.059573059082031250e+02	1.705751953125000000e+02
8.564238281250000000e+02	3.241133117675781250e+02	1.898939971923828125e+02
8.388491821289062500e+02	3.206224975585937500e+02	2.080357971191406250e+02
8.207379150390625000e+02	3.250180053710937500e+02	1.870337982177734375e+02
8.015072021484375000e+02	3.132471923828125000e+02	2.041071014404296875e+02
7.970673828125000000e+02	3.380033874511718750e+02	2.102337036132812500e+02
7.704116210937500000e+02	3.317623901367187500e+02	2.235572052001953125e+02
7.615859985351562500e+02	3.240458068847656250e+02	2.012225036621093750e+02
7.655325927734375000e+02	3.477449035644531250e+02	1.886436004638671875e+02
7.604116210937500000e+02	3.328342895507812500e+02	1.675229949951171875e+02
7.779099731445312500e+02	3.402026062011718750e+02	1.506744995117187500e+02
7.681790771484375000e+02	3.665497131347656250e+02	1.527509002685546875e+02
7.849603881835937500e+02	3.867338867187500000e+02	1.519530944824218750e+02
7.878823852539062500e+02	3.772251892089843750e+02	1.279845962524414062e+02
7.725383911132812500e+02	3.987825927734375000e+02	1.219395980834960938e+02
7.665806274414062500e+02	3.894298095703125000e+02	9.935030364990234375e+01
7.457598266601562500e+02	3.795578918457031250e+02	1.118817977905273438e+02
7.367039794921875000e+02	4.046087036132812500e+02	1.222652969360351562e+02
7.289111938476562500e+02	4.113164062500000000e+02	9.921659851074218750e+01
7.110266113281250000e+02	3.931427917480468750e+02	1.034941024780273438e+02
6.958057861328125000e+02	3.876051025390625000e+02	1.280995025634765625e+02
6.730366821289062500e+02	3.923192138671875000e+02	1.163873977661132812e+02
6.699472045898437500e+02	3.667484130859375000e+02	1.250649032592773438e+02
6.884832153320312500e+02	3.521166992187500000e+02	1.157330017089843750e+02
6.751022949218750000e+02	3.650672912597656250e+02	8.943029785156250000e+01
6.952770996093750000e+02	3.520864868164062500e+02	8.211150360107421875e+01
6.837678833007812500e+02	3.514241027832031250e+02	5.935549926757812500e+01
6.741121826171875000e+02	3.265364990234375000e+02	8.119149780273437500e+01
6.506586303710937500e+02	3.272762145996093750e+02	8.829509735107421875e+01
6.509255981445312500e+02	3.189913940429687500e+02	6.507810211181640625e+01
6.419182128906250000e+02	3.394100952148437500e+02	6.422329711914062500e+01
5.339415283203125000e+02	2.858511047363281250e+02	8.755399703979492188e+00
4.323681030273437500e+02	2.251822052001953125e+02	-4.864080047607421875e+01
3.378511047363281250e+02	1.590760955810546875e+02	-1.064429016113281250e+02
2.501605987548828125e+02	8.939379882812500000e+01	-1.626282958984375000e+02
1.678307952880859375e+02	1.798600006103515625e+01	-2.141604003906250000e+02
3.081369972229003906e+01	1.365415954589843750e+02	-2.934787902832031250e+02
-1.037358016967773438e+02	2.599075927734375000e+02	-3.691281127929687500e+02
-2.376342010498046875e+02	3.875823974609375000e+02	-4.444263916015625000e+02
-3.728569946289062500e+02	5.190764770507812500e+02	-5.225321044921875000e+02
-3.823956909179687500e+02	5.158438110351562500e+02	-5.391198730468750000e+02
-3.737322082519531250e+02	5.400452270507812500e+02	-5.399843139648437500e+02
-3.864302062988281250e+02	5.394426269531250000e+02	-5.623107299804687500e+02
-3.922362060546875000e+02	5.640966796875000000e+02	-5.562615966796875000e+02
-4.128088989257812500e+02	5.507213134765625000e+02	-5.510529174804687500e+02
-4.134395141601562500e+02	5.539548950195312500e+02	-5.240529174804687500e+02
-4.045519104003906250e+02	5.787252807617187500e+02	-5.178067016601562500e+02
-4.230289001464843750e+02	5.707543945312500000e+02	-4.966679992675781250e+02
-4.280523986816406250e+02	5.969323120117187500e+02	-5.012497863769531250e+02
-4.348811035156250000e+02	5.948977050781250000e+02	-5.258237915039062500e+02
-4.547166137695312500e+02	5.747116088867187500e+02	-5.255540161132812500e+02
-4.788380126953125000e+02	5.876356201171875000e+02	-5.368693237304687500e+02
-4.831458129882812500e+02	5.640222167968750000e+02	-5.436376953125000000e+02
-4.790476074218750000e+02	5.464660034179687500e+02	-5.222869873046875000e+02
-4.842023925781250000e+02	5.687489013671875000e+02	-5.032052917480468750e+02
-5.123134155273437500e+02	5.645567016601562500e+02	-4.993204040527343750e+02
-5.068775939941406250e+02	5.644708251953125000e+02	-4.719263000488281250e+02
-5.054126892089843750e+02	5.375737915039062500e+02	-4.786010131835937500e+02
-4.814588012695312500e+02	5.429827880859375000e+02	-4.596169128417968750e+02
-5.047562866210937500e+02	5.314741210937500000e+02	-4.426481933593750000e+02
-4.823475952148437500e+02	5.144689941406250000e+02	-4.448699035644531250e+02
-4.772199096679687500e+02	5.004288940429687500e+02	-4.680967102050781250e+02
-4.992557983398437500e+02	4.911843872070312500e+02	-4.586711120605468750e+02
-5.025017089843750000e+02	4.796129150390625000e+02	-4.953951110839843750e+02
-5.189682006835937500e+02	4.668298950195312500e+02	-4.770487976074218750e+02
-5.401867065429687500e+02	4.811000061035156250e+02	-4.779191894531250000e+02
-5.568200073242187500e+02	4.860693054199218750e+02	-4.997988891601562500e+02
-5.529285278320312500e+02	4.611799011230468750e+02	-5.081686096191406250e+02
-5.794747924804687500e+02	4.609566040039062500e+02	-5.070235900878906250e+02
-5.835385131835937500e+02	4.619732971191406250e+02	-4.803926086425781250e+02
-5.761442871093750000e+02	4.547685852050781250e+02	-4.564993896484375000e+02
-5.644174194335937500e+02	4.288655090332031250e+02	-4.720013122558593750e+02
-5.859869995117187500e+02	4.120104064941406250e+02	-4.780910034179687500e+02
-5.670457763671875000e+02	3.966875000000000000e+02	-4.897615966796875000e+02
-5.455344848632812500e+02	3.834671936035156250e+02	-4.759226989746093750e+02
-5.393029174804687500e+02	3.901983947753906250e+02	-4.515404052734375000e+02
-5.627550048828125000e+02	3.788467102050781250e+02	-4.480101928710937500e+02
-5.737246093750000000e+02	3.940140991210937500e+02	-4.231086120605468750e+02
-5.977276000976562500e+02	3.906564941406250000e+02	-4.169717102050781250e+02
-5.974536132812500000e+02	3.654855041503906250e+02	-4.312290954589843750e+02
-6.007432250976562500e+02	3.472284851074218750e+02	-4.122738952636718750e+02
-5.756906127929687500e+02	3.427807006835937500e+02	-4.168956909179687500e+02
-5.684854736328125000e+02	3.584772033691406250e+02	-3.959147033691406250e+02
-5.365847167968750000e+02	3.646893920898437500e+02	-3.833638000488281250e+02
-5.425294799804687500e+02	3.438764038085937500e+02	-3.733121948242187500e+02
-5.623933105468750000e+02	3.590165100097656250e+02	-3.550382080078125000e+02
-5.487915039062500000e+02	3.646817932128906250e+02	-3.308848876953125000e+02
-5.735465087890625000e+02	3.726333007812500000e+02	-3.231962890625000000e+02
-5.791901855468750000e+02	3.526211853027343750e+02	-3.078313903808593750e+02
-5.930662841796875000e+02	3.421863098144531250e+02	-3.264320983886718750e+02
-5.648513183593750000e+02	3.221163940429687500e+02	-3.227793884277343750e+02
-5.748023071289062500e+02	3.022520141601562500e+02	-3.366889038085937500e+02
-5.550316162109375000e+02	2.864923095703125000e+02	-3.232777099609375000e+02
-5.510645751953125000e+02	2.645957946777343750e+02	-3.399685974121093750e+02
-5.761345825195312500e+02	2.527657012939453125e+02	-3.363911132812500000e+02
-5.943560791015625000e+02	2.526685028076171875e+02	-3.179298095703125000e+02
-5.888312988281250000e+02	2.272776031494140625e+02	-3.193685913085937500e+02
-5.638081054687500000e+02	2.313531036376953125e+02	-3.053030090332031250e+02
-5.772642822265625000e+02	2.282375946044921875e+02	-2.830515136718750000e+02
-5.835715942382812500e+02	2.466105041503906250e+02	-2.640026855468750000e+02
-5.804454956054687500e+02	2.252518005371093750e+02	-2.474387054443359375e+02
-5.618092041015625000e+02	2.396083984375000000e+02	-2.381515045166015625e+02
-5.422239990234375000e+02	2.566784973144531250e+02	-2.491746063232421875e+02
-5.194575195312500000e+02	2.509152069091796875e+02	-2.620168151855468750e+02
-5.281340942382812500e+02	2.260099945068359375e+02	-2.575549011230468750e+02
-5.126409301757812500e+02	2.246522064208984375e+02	-2.298683013916015625e+02
-4.974089965820312500e+02	2.093746032714843750e+02	-2.458385009765625000e+02
-5.081582031250000000e+02	1.814205932617187500e+02	-2.339671020507812500e+02
-4.999978942871093750e+02	1.819736938476562500e+02	-2.602968139648437500e+02
-4.833540954589843750e+02	1.951591949462890625e+02	-2.808586120605468750e+02
-4.649602966308593750e+02	2.086705017089843750e+02	-2.737320861816406250e+02
-4.568779907226562500e+02	1.804933929443359375e+02	-2.656101074218750000e+02
-4.535715942382812500e+02	1.669689941406250000e+02	-2.439535064697265625e+02
-4.474429931640625000e+02	1.905464935302734375e+02	-2.316660003662109375e+02
-4.163402099609375000e+02	1.907395935058593750e+02	-2.369434051513671875e+02
-4.082437133789062500e+02	1.713276977539062500e+02	-2.233657073974609375e+02
-4.200972900390625000e+02	1.713876953125000000e+02	-1.984756011962890625e+02
-4.309150085449218750e+02	1.942622070312500000e+02	-1.881900024414062500e+02
-4.026022033691406250e+02	1.996593933105468750e+02	-1.832548980712890625e+02
-4.068557128906250000e+02	2.207734985351562500e+02	-2.002642974853515625e+02
-4.158666076660156250e+02	2.350886993408203125e+02	-1.805153961181640625e+02
-4.093637084960937500e+02	2.577207031250000000e+02	-2.016212005615234375e+02
-4.047188110351562500e+02	2.722511901855468750e+02	-1.772086944580078125e+02
-3.839563903808593750e+02	2.541851043701171875e+02	-1.721399993896484375e+02
-3.694063110351562500e+02	2.580692138671875000e+02	-1.989974060058593750e+02
-3.564971008300781250e+02	2.798508911132812500e+02	-1.951103973388671875e+02
-3.410741882324218750e+02	2.670050048828125000e+02	-1.766378021240234375e+02
-3.369024047851562500e+02	2.415493927001953125e+02	-1.811410980224609375e+02
-3.336534118652343750e+02	2.323294982910156250e+02	-2.077095947265625000e+02
-3.359479980468750000e+02	2.416791992187500000e+02	-2.333562011718750000e+02
-3.179310913085937500e+02	2.585079040527343750e+02	-2.233334960937500000e+02
-2.902409057617187500e+02	2.412200012207031250e+02	-2.228553009033203125e+02
-2.878453063964843750e+02	2.488224029541015625e+02	-2.515984039306640625e+02
-2.835447082519531250e+02	2.737211914062500000e+02	-2.316065979003906250e+02
-2.746221008300781250e+02	2.946323852539062500e+02	-2.452203979492187500e+02
-2.506976928710937500e+02	2.784978027343750000e+02	-2.575823059082031250e+02
-2.394696960449218750e+02	2.934518127441406250e+02	-2.422012939453125000e+02
-2.430063934326171875e+02	2.824454040527343750e+02	-2.179972991943359375e+02
-2.366390991210937500e+02	2.581593933105468750e+02	-2.183542022705078125e+02
-2.216566925048828125e+02	2.333527984619140625e+02	-2.330361022949218750e+02
-2.055097961425781250e+02	2.508184051513671875e+02	-2.305464019775390625e+02
-2.109884948730468750e+02	2.426954040527343750e+02	-2.028881988525390625e+02
-2.049205017089843750e+02	2.604336853027343750e+02	-1.918872985839843750e+02
-2.568703002929687500e+02	2.160796051025390625e+02	-1.148859024047851562e+02
-3.081897888183593750e+02	1.737579956054687500e+02	-4.653720092773437500e+01
-3.552874145507812500e+02	1.354002075195312500e+02	1.525349998474121094e+01
-3.373760070800781250e+02	1.999447021484375000e+02	5.172499847412109375e+01
-2.858539123535156250e+02	2.374019927978515625e+02	4.896900177001953125e+00
-2.342642059326171875e+02	2.694486083984375000e+02	-5.018719863891601562e+01
-1.913023986816406250e+02	2.863529968261718750e+02	-1.230578002929687500e+02
-1.501423950195312500e+02	2.833598022460937500e+02	-2.060773925781250000e+02
-1.369671020507812500e+02	2.947424926757812500e+02	-1.907904052734375000e+02
-1.558320007324218750e+02	3.112735900878906250e+02	-1.948253021240234375e+02
-1.559093933105468750e+02	3.124754943847656250e+02	-2.189951934814453125e+02
-1.263007965087890625e+02	3.085743103027343750e+02	-2.279609985351562500e+02
-1.179496994018554688e+02	2.968074035644531250e+02	-2.485740966796875000e+02
-1.400001068115234375e+02	3.038111877441406250e+02	-2.586567077636718750e+02
-1.334752044677734375e+02	3.311348876953125000e+02	-2.568833007812500000e+02
-1.237385025024414062e+02	3.467644958496093750e+02	-2.371985931396484375e+02
-1.095954971313476562e+02	3.623428039550781250e+02	-2.189647064208984375e+02
-8.532769775390625000e+01	3.574721069335937500e+02	-2.220603942871093750e+02
-8.661219787597656250e+01	3.599731140136718750e+02	-2.497059936523437500e+02
-8.287010192871093750e+01	3.864014892578125000e+02	-2.463103027343750000e+02
-9.784570312500000000e+01	4.081687927246093750e+02	-2.482774047851562500e+02
-1.161505966186523438e+02	4.021223144531250000e+02	-2.653529052734375000e+02
-9.452130126953125000e+01	4.070387878417968750e+02	-2.823927001953125000e+02
-1.024574966430664062e+02	3.825556030273437500e+02	-2.942257080078125000e+02
-7.267030334472656250e+01	3.790281066894531250e+02	-2.896434020996093750e+02
-4.987730026245117188e+01	3.919985961914062500e+02	-2.967051086425781250e+02
-3.430319976806640625e+01	3.703330078125000000e+02	-2.905942993164062500e+02
-4.238740158081054688e+01	3.602969970703125000e+02	-3.121883850097656250e+02
-6.237609863281250000e+01	3.582372131347656250e+02	-3.313085937500000000e+02
-5.946910095214843750e+01	3.853463134765625000e+02	-3.426178894042968750e+02
-3.996239852905273438e+01	3.714707946777343750e+02	-3.585050964355468750e+02
-2.782670021057128906e+01	3.921199035644531250e+02	-3.398707885742187500e+02
2.232100009918212891e+00	3.847918090820312500e+02	-3.341867980957031250e+02
9.301999807357788086e-01	3.975273132324218750e+02	-3.564017028808593750e+02
-2.892999887466430664e+00	4.236647949218750000e+02	-3.399768981933593750e+02
2.490550041198730469e+01	4.279794006347656250e+02	-3.283872985839843750e+02
1.868280029296875000e+01	4.532466125488281250e+02	-3.264567871093750000e+02
7.042600154876708984e+00	4.599884948730468750e+02	-3.478876037597656250e+02
1.735429954528808594e+01	4.461570129394531250e+02	-3.702005004882812500e+02
3.244760131835937500e+01	4.667846984863281250e+02	-3.779885864257812500e+02
5.255979919433593750e+01	4.524247131347656250e+02	-3.719278869628906250e+02
5.204840087890625000e+01	4.381264953613281250e+02	-3.955968933105468750e+02
7.245690155029296875e+01	4.445125122070312500e+02	-4.067356872558593750e+02
7.977149963378906250e+01	4.167298889160156250e+02	-4.080752868652343750e+02
8.463390350341796875e+01	4.134375915527343750e+02	-3.835231933593750000e+02
1.135102996826171875e+02	4.170338134765625000e+02	-3.897655029296875000e+02
1.088805999755859375e+02	4.388442993164062500e+02	-3.714826049804687500e+02
1.348659057617187500e+02	4.487106018066406250e+02	-3.725671997070312500e+02
1.235931015014648438e+02	4.712414855957031250e+02	-3.710168151855468750e+02
1.208511962890625000e+02	4.700953979492187500e+02	-3.978193969726562500e+02
1.390588073730468750e+02	4.539252014160156250e+02	-4.139292907714843750e+02
1.286015014648437500e+02	4.626570129394531250e+02	-4.381820068359375000e+02
1.350339965820312500e+02	4.902825927734375000e+02	-4.302074890136718750e+02
1.580397949218750000e+02	4.884150085449218750e+02	-4.179054870605468750e+02
1.713345031738281250e+02	4.893458862304687500e+02	-4.449106140136718750e+02
1.912769012451171875e+02	4.944724121093750000e+02	-4.300401000976562500e+02
2.025547027587890625e+02	4.771615905761718750e+02	-4.104172973632812500e+02
1.969808959960937500e+02	4.574177856445312500e+02	-4.312793884277343750e+02
2.121652069091796875e+02	4.631589050292968750e+02	-4.503400878906250000e+02
2.041533050537109375e+02	4.423948974609375000e+02	-4.701288146972656250e+02
2.112693023681640625e+02	4.186228027343750000e+02	-4.581405029296875000e+02
2.275287017822265625e+02	4.246791992187500000e+02	-4.412164916992187500e+02
2.468764953613281250e+02	4.400061035156250000e+02	-4.627571105957031250e+02
2.696565856933593750e+02	4.321347961425781250e+02	-4.502974853515625000e+02
2.808830871582031250e+02	4.537676086425781250e+02	-4.441744079589843750e+02
2.780480957031250000e+02	4.693684997558593750e+02	-4.663340148925781250e+02
2.911153869628906250e+02	4.497431030273437500e+02	-4.795250854492187500e+02
2.771072998046875000e+02	4.571418151855468750e+02	-5.062072143554687500e+02
2.788891906738281250e+02	4.347770080566406250e+02	-5.178115234375000000e+02
3.063302001953125000e+02	4.399266052246093750e+02	-5.186994018554687500e+02
2.997229919433593750e+02	4.528687133789062500e+02	-5.423900756835937500e+02
2.977828063964843750e+02	4.784244995117187500e+02	-5.419074707031250000e+02
3.140794982910156250e+02	4.879353027343750000e+02	-5.217485961914062500e+02
3.332887878417968750e+02	4.771802978515625000e+02	-5.363858032226562500e+02
3.441607055664062500e+02	4.741213073730468750e+02	-5.076778869628906250e+02
3.601239013671875000e+02	4.947091979980468750e+02	-5.159398803710937500e+02
3.786112060546875000e+02	4.916343078613281250e+02	-4.962645874023437500e+02
3.892860107421875000e+02	4.731984863281250000e+02	-5.125225830078125000e+02
3.874082946777343750e+02	4.531684875488281250e+02	-4.956679077148437500e+02
4.127528991699218750e+02	4.343005065917968750e+02	-5.046697082519531250e+02
3.912502136230468750e+02	4.212172851562500000e+02	-5.153599243164062500e+02
3.962749938964843750e+02	4.391834106445312500e+02	-5.367440185546875000e+02
3.929981079101562500e+02	4.162685852050781250e+02	-5.562003173828125000e+02
3.902283935546875000e+02	4.353143005371093750e+02	-5.729620971679687500e+02
4.154287109375000000e+02	4.439637145996093750e+02	-5.656865234375000000e+02
4.225007934570312500e+02	4.565386047363281250e+02	-5.907500000000000000e+02
4.332782897949218750e+02	4.768493041992187500e+02	-5.771740722656250000e+02
4.505046997070312500e+02	4.611182861328125000e+02	-5.905070800781250000e+02
4.604497985839843750e+02	4.532748107910156250e+02	-5.652045898437500000e+02
4.592734069824218750e+02	4.265996093750000000e+02	-5.711604003906250000e+02
4.658739929199218750e+02	4.186346130371093750e+02	-5.947391967773437500e+02
4.595845947265625000e+02	3.881906127929687500e+02	-5.866013183593750000e+02
4.554704895019531250e+02	3.802898864746093750e+02	-6.100615234375000000e+02
4.796911926269531250e+02	3.849342041015625000e+02	-6.217581176757812500e+02
5.028304138183593750e+02	3.917479858398437500e+02	-6.094707031250000000e+02
4.961921997070312500e+02	3.602355957031250000e+02	-5.985516967773437500e+02
5.006762084960937500e+02	3.750098876953125000e+02	-5.754530029296875000e+02
5.287924194335937500e+02	3.707615051269531250e+02	-5.828432006835937500e+02
5.269602050781250000e+02	3.548033142089843750e+02	-5.636915893554687500e+02
5.287301025390625000e+02	3.723395996093750000e+02	-5.427410888671875000e+02
5.279547119140625000e+02	4.005892028808593750e+02	-5.472634887695312500e+02
5.466550292968750000e+02	4.075840148925781250e+02	-5.654484863281250000e+02
5.643134765625000000e+02	4.000986022949218750e+02	-5.473723754882812500e+02
5.858466186523437500e+02	3.847333068847656250e+02	-5.593292846679687500e+02
5.973356933593750000e+02	4.094896850585937500e+02	-5.547166137695312500e+02
5.906917724609375000e+02	4.128511962890625000e+02	-5.847753906250000000e+02
6.052384033203125000e+02	4.353048095703125000e+02	-5.825003051757812500e+02
6.235626831054687500e+02	4.153543090820312500e+02	-5.856287841796875000e+02
6.292955932617187500e+02	4.278446044921875000e+02	-6.080311279296875000e+02
6.108446044921875000e+02	4.188046875000000000e+02	-6.256420288085937500e+02
6.160902099609375000e+02	3.899249877929687500e+02	-6.247034912109375000e+02
6.165375976562500000e+02	3.904961853027343750e+02	-6.518004760742187500e+02
6.383958129882812500e+02	4.076203918457031250e+02	-6.565679931640625000e+02
6.469732055664062500e+02	3.846206054687500000e+02	-6.653021850585937500e+02
6.574799194335937500e+02	3.884708862304687500e+02	-6.399511718750000000e+02
6.444265747070312500e+02	3.582073059082031250e+02	-6.406871948242187500e+02
6.561691284179687500e+02	3.578158874511718750e+02	-6.148762207031250000e+02
6.471182250976562500e+02	3.335133056640625000e+02	-6.212363281250000000e+02
6.707659912109375000e+02	3.219997863769531250e+02	-6.011384277343750000e+02
6.717933959960937500e+02	3.127070922851562500e+02	-6.282299804687500000e+02
6.758369140625000000e+02	3.216029052734375000e+02	-6.543718261718750000e+02
6.999490966796875000e+02	3.129963073730468750e+02	-6.496567993164062500e+02
7.083168945312500000e+02	3.390031127929687500e+02	-6.548577270507812500e+02
7.115869140625000000e+02	3.377885131835937500e+02	-6.277219848632812500e+02
7.259641113281250000e+02	3.159424133300781250e+02	-6.244356079101562500e+02
7.471101074218750000e+02	3.304366149902343750e+02	-6.464647827148437500e+02
7.613983764648437500e+02	3.197155151367187500e+02	-6.313270874023437500e+02
7.542296752929687500e+02	3.393175964355468750e+02	-6.184197998046875000e+02
7.553134765625000000e+02	3.693156127929687500e+02	-6.314249877929687500e+02
7.443184204101562500e+02	3.757102966308593750e+02	-6.131958007812500000e+02
7.732395019531250000e+02	3.677763061523437500e+02	-6.049227905273437500e+02
7.697485961914062500e+02	3.894075927734375000e+02	-5.936746826171875000e+02
7.758231201171875000e+02	3.755364074707031250e+02	-5.733657836914062500e+02
7.527927856445312500e+02	3.783179931640625000e+02	-5.643244018554687500e+02
7.592863159179687500e+02	3.544309997558593750e+02	-5.624500732421875000e+02
7.399603881835937500e+02	3.504905090332031250e+02	-5.702841186523437500e+02
7.619534301757812500e+02	3.071246948242187500e+02	-4.995939025878906250e+02
7.549481201171875000e+02	2.794634094238281250e+02	-4.224245910644531250e+02
7.275220947265625000e+02	2.662264099121093750e+02	-3.490057067871093750e+02
