1.800090317614376489e-01
1.182886611670255633e-01
9.998171767219901640e-02
9.133497774600982111e-02
8.569544674828648290e-02
8.160484484396875182e-02
7.857929309830069542e-02
7.630000654608011523e-02
7.443697275593877394e-02
7.299190065823495110e-02
7.177463700063527186e-02
7.083621798083186705e-02
6.998161934316157740e-02
6.931379525922239104e-02
6.875198767520487864e-02
6.826856280677021105e-02
6.780786230228841305e-02
6.743452996015548984e-02
6.709267180413007459e-02
6.677376455627381802e-02
6.652611247263848226e-02
6.625651530921458643e-02
6.600713254883885939e-02
6.574843907728791792e-02
6.551535455510019978e-02
6.525794011540711481e-02
6.502648596651852686e-02
6.473100725561380109e-02
6.436365735717117231e-02
6.395535203628241461e-02
6.350177968852221966e-02
6.304911985062063018e-02
6.245754696428775649e-02
6.196396797895431519e-02
6.144281411543488225e-02
6.094226022250950198e-02
6.040466306731104990e-02
5.985968532040715495e-02
5.933967833407223502e-02
5.883830371312796792e-02
5.841684031765907725e-02
5.799259913619607409e-02
5.762789072468876839e-02
5.726972050033509593e-02
5.695742983371019502e-02
5.666618873365223547e-02
5.639345305971801142e-02
5.615284624509513101e-02
5.591922458261251727e-02
5.569936120882630626e-02
