1.145468398928642273e+00
8.030391730368137138e-01
6.974412810057402101e-01
6.406178191304207070e-01
6.048692688345909119e-01
5.787029471248388290e-01
5.559270810335874557e-01
5.392450407147407754e-01
5.259993899613618629e-01
5.154022503644227760e-01
5.067645363509655221e-01
4.993892032653093338e-01
4.934229914098978154e-01
4.887879230082035065e-01
4.847032796591520531e-01
4.812161695212126000e-01
4.782874740660190693e-01
4.758572887629270443e-01
4.737278480082750542e-01
4.717746794223785511e-01
4.697638493031263129e-01
4.681556217372417339e-01
4.666525382548570855e-01
4.652733147144317849e-01
4.639539483934640995e-01
4.626812119036912696e-01
4.614671818912029488e-01
4.603885460644960292e-01
4.592430569231510384e-01
4.582946442067623027e-01
4.572918437421321647e-01
4.564220391213894001e-01
4.555818241089582554e-01
4.547030407935380714e-01
4.538049202412366978e-01
4.530330080538987891e-01
4.523058410733938328e-01
4.515803072601556889e-01
4.509560998529195675e-01
4.502098977565765492e-01
4.495773464441299438e-01
4.489778120070695988e-01
4.483608677983283997e-01
4.477924153208732716e-01
4.472879569977522007e-01
4.467326425015926139e-01
4.462638530880213006e-01
4.457823093980550766e-01
4.452759228646755441e-01
4.447893876582383887e-01
