7.146779075264930725e-02
4.073466879781335870e-02
3.352388204075396061e-02
2.963138073682785104e-02
2.520732914563268354e-02
2.129999197786673973e-02
1.929273371351882677e-02
1.812022551894187927e-02
1.725719843525439640e-02
1.654123620828613569e-02
1.593109065433963994e-02
1.541593427537009051e-02
1.497663449263200199e-02
1.459585370030254056e-02
1.423673486569896306e-02
1.389729045331478119e-02
1.362829528516158392e-02
1.330592945450916921e-02
1.301205728668719530e-02
1.277938950806856155e-02
1.257805426721461152e-02
1.238049931125715340e-02
1.221761847846209934e-02
1.207311660400591825e-02
1.191261899657547474e-02
1.178499385714531014e-02
1.166073555359616910e-02
1.156041844515129889e-02
1.146847136551514337e-02
1.137941104825586011e-02
1.129087088629603455e-02
1.121570306713692844e-02
1.112999682663939893e-02
1.105362022062763606e-02
1.097652290482073988e-02
1.091621011146344175e-02
1.086414904566481744e-02
1.081177392043173278e-02
1.077601644792594050e-02
1.072107431828044424e-02
1.067939253407530417e-02
1.064458018518052961e-02
1.060129017569124733e-02
1.055533052422106231e-02
1.052852520369924536e-02
1.049315685522742535e-02
1.046448274864815106e-02
1.042425952618941665e-02
1.039473848650231992e-02
1.036544470116496086e-02
