4.661492258310317993e-02
3.524099290370941162e-02
3.018066845834255219e-02
2.665765024721622467e-02
2.280487678945064545e-02
1.970351301133632660e-02
1.829452812671661377e-02
1.720835268497467041e-02
1.639439538121223450e-02
1.567962765693664551e-02
1.507524866610765457e-02
1.447188574820756912e-02
1.400814950466156006e-02
1.354706287384033203e-02
1.324094552546739578e-02
1.293706614524126053e-02
1.270677149295806885e-02
1.248763967305421829e-02
1.227933820337057114e-02
1.212648488581180573e-02
1.199793256819248199e-02
1.187051367014646530e-02
1.173587050288915634e-02
1.163123454898595810e-02
1.151603925973176956e-02
1.143392641097307205e-02
1.135084591805934906e-02
1.128294132649898529e-02
1.119637954980134964e-02
1.113533880561590195e-02
1.107954978942871094e-02
1.103272754698991776e-02
1.096464879810810089e-02
1.092430297285318375e-02
1.084858644753694534e-02
1.081354171037673950e-02
1.076790876686573029e-02
1.071902550756931305e-02
1.069421134889125824e-02
1.064747106283903122e-02
1.060061156749725342e-02
1.056325249373912811e-02
1.052174530923366547e-02
1.049414556473493576e-02
1.045281998813152313e-02
1.041722483932971954e-02
1.038368511945009232e-02
1.035139150917530060e-02
1.032333355396986008e-02
1.028326898813247681e-02
