8.826193958520889282e-02
7.855778932571411133e-02
7.395539432764053345e-02
7.182858139276504517e-02
7.557894289493560791e-02
7.547584921121597290e-02
7.419508695602416992e-02
7.333895564079284668e-02
7.234711945056915283e-02
7.138133049011230469e-02
7.051280140876770020e-02
6.980782002210617065e-02
6.908781826496124268e-02
6.836482137441635132e-02
6.765206903219223022e-02
6.700579077005386353e-02
6.652025133371353149e-02
6.606020033359527588e-02
6.544271856546401978e-02
6.499590724706649780e-02
6.452740728855133057e-02
6.430875509977340698e-02
6.396548449993133545e-02
6.344775855541229248e-02
6.316787749528884888e-02
6.282582134008407593e-02
6.256222724914550781e-02
6.230484321713447571e-02
6.213668733835220337e-02
6.185709312558174133e-02
6.157993152737617493e-02
6.141557544469833374e-02
6.115583330392837524e-02
6.096009165048599243e-02
6.083772331476211548e-02
6.073864549398422241e-02
6.053914874792098999e-02
6.055483967065811157e-02
6.028505042195320129e-02
6.022192165255546570e-02
6.002336740493774414e-02
5.989076942205429077e-02
5.977838486433029175e-02
5.966408178210258484e-02
5.950235575437545776e-02
5.946812778711318970e-02
5.934553220868110657e-02
5.916634947061538696e-02
5.914411693811416626e-02
5.907926708459854126e-02
