4.976928234100341797e-02
3.612633794546127319e-02
3.078797459602355957e-02
2.761727012693881989e-02
2.546454034745693207e-02
2.391213178634643555e-02
2.283186092972755432e-02
2.204166352748870850e-02
2.150459773838520050e-02
2.106257155537605286e-02
2.066676877439022064e-02
2.037284150719642639e-02
2.010012790560722351e-02
1.993667893111705780e-02
1.973735354840755463e-02
1.957680657505989075e-02
1.944244839251041412e-02
1.930291950702667236e-02
1.919127069413661957e-02
1.909149065613746643e-02
1.897933892905712128e-02
1.885509118437767029e-02
1.875543221831321716e-02
1.863473094999790192e-02
1.848906651139259338e-02
1.835989579558372498e-02
1.817839778959751129e-02
1.789995655417442322e-02
1.761764660477638245e-02
1.733422279357910156e-02
1.682903990149497986e-02
1.644056849181652069e-02
1.590992882847785950e-02
1.562223117798566818e-02
1.529071945697069168e-02
1.496057212352752686e-02
1.468154229223728180e-02
1.441701315343379974e-02
1.418586075305938721e-02
1.405428629368543625e-02
1.390688121318817139e-02
1.381018757820129395e-02
1.369316875934600830e-02
1.362979412078857422e-02
1.355923432856798172e-02
1.351263094693422318e-02
1.341455150395631790e-02
1.335562020540237427e-02
1.331492979079484940e-02
1.328322291374206543e-02
