5.850335210561752319e-02
4.171929135918617249e-02
3.485577180981636047e-02
3.141313791275024414e-02
2.897557616233825684e-02
2.726495824754238129e-02
2.627662383019924164e-02
2.554447576403617859e-02
2.485794201493263245e-02
2.434577420353889465e-02
2.390830218791961670e-02
2.354479953646659851e-02
2.320860140025615692e-02
2.300475165247917175e-02
2.285212278366088867e-02
2.271853759884834290e-02
2.261359430849552155e-02
2.254191599786281586e-02
2.250331826508045197e-02
2.248302102088928223e-02
2.242622710764408112e-02
2.239374443888664246e-02
2.237546816468238831e-02
2.236431464552879333e-02
2.234488353133201599e-02
2.234211191534996033e-02
2.231118083000183105e-02
2.226443216204643250e-02
2.224623598158359528e-02
2.222336083650588989e-02
2.219894900918006897e-02
2.217866852879524231e-02
2.220282331109046936e-02
2.219710871577262878e-02
2.220810763537883759e-02
2.222260273993015289e-02
2.220746129751205444e-02
2.217563427984714508e-02
2.215653285384178162e-02
2.212713658809661865e-02
2.211326733231544495e-02
2.209505811333656311e-02
2.207114361226558685e-02
2.205153927206993103e-02
2.203750237822532654e-02
2.201481163501739502e-02
2.199704386293888092e-02
2.198370173573493958e-02
2.196129783987998962e-02
2.193898521363735199e-02
