8.677001297473907471e-02
7.638412714004516602e-02
7.038231939077377319e-02
6.736383587121963501e-02
6.624725461006164551e-02
6.895494461059570312e-02
6.825143843889236450e-02
6.740470975637435913e-02
6.639325618743896484e-02
6.551531702280044556e-02
6.440703570842742920e-02
6.308041512966156006e-02
6.222587078809738159e-02
6.163455918431282043e-02
6.091016530990600586e-02
6.021909788250923157e-02
5.957923084497451782e-02
5.899227783083915710e-02
5.856919288635253906e-02
5.814332887530326843e-02
5.767661333084106445e-02
5.728186294436454773e-02
5.695031210780143738e-02
5.646830797195434570e-02
5.640663579106330872e-02
5.595828220248222351e-02
5.567649751901626587e-02
5.540757626295089722e-02
5.524166673421859741e-02
5.497688055038452148e-02
5.473665148019790649e-02
5.472501367330551147e-02
5.428741499781608582e-02
5.414117500185966492e-02
5.405756831169128418e-02
5.394412204623222351e-02
5.354227870702743530e-02
5.361818149685859680e-02
5.323787778615951538e-02
5.321670696139335632e-02
5.302711203694343567e-02
5.278867483139038086e-02
5.277390033006668091e-02
5.259589105844497681e-02
5.246116593480110168e-02
5.238503217697143555e-02
5.209280177950859070e-02
5.201848596334457397e-02
5.191863700747489929e-02
5.178982764482498169e-02
