4.614654928445816040e-02
3.532152622938156128e-02
3.082155622541904449e-02
2.708950079977512360e-02
2.217377163469791412e-02
1.970939897000789642e-02
1.833117567002773285e-02
1.739026047289371490e-02
1.670517027378082275e-02
1.601882465183734894e-02
1.557066291570663452e-02
1.505927927792072296e-02
1.466888748109340668e-02
1.428015064448118210e-02
1.391950063407421112e-02
1.358654350042343140e-02
1.333472132682800293e-02
1.300613861531019211e-02
1.273268926888704300e-02
1.250316668301820755e-02
1.230110507458448410e-02
1.212544366717338562e-02
1.196506619453430176e-02
1.181554980576038361e-02
1.166400033980607986e-02
1.153201051056385040e-02
1.141788996756076813e-02
1.132222451269626617e-02
1.123447716236114502e-02
1.114838384091854095e-02
1.104632206261157990e-02
1.097681559622287750e-02
1.090380270034074783e-02
1.083508133888244629e-02
1.076561026275157928e-02
1.072007138282060623e-02
1.066490262746810913e-02
1.062848232686519623e-02
1.056645624339580536e-02
1.053711306303739548e-02
1.048468239605426788e-02
1.044192351400852203e-02
1.039768569171428680e-02
1.036238484084606171e-02
1.033287215977907181e-02
1.029366999864578247e-02
1.026724092662334442e-02
1.022640056908130646e-02
1.019730046391487122e-02
1.017485000193119049e-02
