8.263610079884528559e-02
4.915703083388507644e-02
4.059206112287938595e-02
3.584896659012883763e-02
3.190901118796318769e-02
2.825188450515270233e-02
2.601204409729689429e-02
2.466375527437776258e-02
2.358774265740066697e-02
2.273867079056799551e-02
2.196843684650957515e-02
2.130303322337567806e-02
2.070013534976169328e-02
2.023583488771691849e-02
1.975609150249511142e-02
1.937324977479875157e-02
1.904968707822263241e-02
1.876089000143110752e-02
1.850095791742205689e-02
1.824914488242939184e-02
1.805654381169006367e-02
1.789840148994699051e-02
1.770611929241567781e-02
1.755069819046184421e-02
1.739318789914250443e-02
1.726805703947320580e-02
1.713698037201538682e-02
1.703091755043715377e-02
1.692922714864835212e-02
1.682849993230774860e-02
1.674068444408476422e-02
1.665147895691916277e-02
1.657198651228099923e-02
1.650325937662273576e-02
1.643040751805529068e-02
1.634393417043611407e-02
1.630047800717875431e-02
1.621704857097938657e-02
1.615741514833644171e-02
1.609649629099294682e-02
1.604777623433619599e-02
1.599844715092331102e-02
1.593215127941221068e-02
1.590116684092208674e-02
1.585396309383213520e-02
1.580926465103402873e-02
1.576694950927048922e-02
1.571927114855498075e-02
1.568118854193016956e-02
1.563741280697285990e-02
