8.226539194583892822e-02
6.886652112007141113e-02
6.249616295099258423e-02
5.868751928210258484e-02
5.583796650171279907e-02
5.345246940851211548e-02
5.164183303713798523e-02
5.017911270260810852e-02
4.909856244921684265e-02
4.822640120983123779e-02
4.746975377202033997e-02
4.687304422259330750e-02
4.637292772531509399e-02
4.595150426030158997e-02
4.560159519314765930e-02
4.530299454927444458e-02
4.506315663456916809e-02
4.482510313391685486e-02
4.463099688291549683e-02
4.448078200221061707e-02
4.431533068418502808e-02
4.417761042714118958e-02
4.404474422335624695e-02
4.391127824783325195e-02
4.379330947995185852e-02
4.372026398777961731e-02
4.361035674810409546e-02
4.350722953677177429e-02
4.340993240475654602e-02
4.330186545848846436e-02
4.321366548538208008e-02
4.312710836529731750e-02
4.307003691792488098e-02
4.300719499588012695e-02
4.292533919215202332e-02
4.283766821026802063e-02
4.277250915765762329e-02
4.270473867654800415e-02
4.264943301677703857e-02
4.256650060415267944e-02
4.250336438417434692e-02
4.244510084390640259e-02
4.238509759306907654e-02
4.233839362859725952e-02
4.228726401925086975e-02
4.223930090665817261e-02
4.219241812825202942e-02
4.214148223400115967e-02
4.209432378411293030e-02
4.205205664038658142e-02
