8.187992870807647705e-02
6.931154429912567139e-02
6.334155797958374023e-02
5.993015319108963013e-02
5.736197158694267273e-02
5.528781935572624207e-02
5.392979457974433899e-02
5.259314924478530884e-02
5.156656354665756226e-02
5.068821460008621216e-02
5.015193298459053040e-02
4.962807148694992065e-02
4.914358630776405334e-02
4.879654943943023682e-02
4.847154766321182251e-02
4.820163920521736145e-02
4.793443530797958374e-02
4.769869893789291382e-02
4.752006381750106812e-02
4.741323739290237427e-02
4.726579785346984863e-02
4.714186117053031921e-02
4.700467735528945923e-02
4.686418175697326660e-02
4.675617069005966187e-02
4.669813439249992371e-02
4.658576473593711853e-02
4.648272320628166199e-02
4.631135612726211548e-02
4.618594050407409668e-02
4.605734720826148987e-02
4.592443257570266724e-02
4.569740965962409973e-02
4.550047963857650757e-02
4.533625766634941101e-02
4.501748830080032349e-02
4.476387053728103638e-02
4.433279111981391907e-02
4.403154924511909485e-02
4.367922618985176086e-02
4.335419088602066040e-02
4.305944964289665222e-02
4.277997836470603943e-02
4.255839437246322632e-02
4.233132675290107727e-02
4.211184382438659668e-02
4.196315258741378784e-02
4.179014638066291809e-02
4.160359501838684082e-02
4.147114604711532593e-02
