5.285963043570518494e-02
5.302677676081657410e-02
5.286921560764312744e-02
5.259529501199722290e-02
5.250355228781700134e-02
5.214252322912216187e-02
5.186054110527038574e-02
5.160527303814888000e-02
5.139166116714477539e-02
5.126514658331871033e-02
5.115267634391784668e-02
5.107663571834564209e-02
5.094064772129058838e-02
5.090931430459022522e-02
5.086150392889976501e-02
5.082505941390991211e-02
5.078451707959175110e-02
5.071913078427314758e-02
5.070034042000770569e-02
5.056947469711303711e-02
5.052609741687774658e-02
5.047153308987617493e-02
5.040359497070312500e-02
5.035327374935150146e-02
5.031222850084304810e-02
5.029325559735298157e-02
5.020452663302421570e-02
5.023075640201568604e-02
5.018222704529762268e-02
5.009348317980766296e-02
5.006081238389015198e-02
5.003109201788902283e-02
4.995766654610633850e-02
4.988223686814308167e-02
4.990216717123985291e-02
4.978324472904205322e-02
4.979630187153816223e-02
4.975343123078346252e-02
4.968450218439102173e-02
4.976959154009819031e-02
4.966288059949874878e-02
4.965035989880561829e-02
4.959986358880996704e-02
4.955450072884559631e-02
4.960849881172180176e-02
4.962952435016632080e-02
4.960143566131591797e-02
4.954728484153747559e-02
4.951774328947067261e-02
4.958844929933547974e-02
