9.000705182552337646e-02
7.865551114082336426e-02
7.189607620239257812e-02
6.622888892889022827e-02
6.144148111343383789e-02
5.769859626889228821e-02
5.530865117907524109e-02
5.355618149042129517e-02
5.218431353569030762e-02
5.120313912630081177e-02
5.037907883524894714e-02
4.971468448638916016e-02
4.915710538625717163e-02
4.868146404623985291e-02
4.827721044421195984e-02
4.792504012584686279e-02
4.762875288724899292e-02
4.738081246614456177e-02
4.710805788636207581e-02
4.686801880598068237e-02
4.667037725448608398e-02
4.649118334054946899e-02
4.632088541984558105e-02
4.615952447056770325e-02
4.599845409393310547e-02
4.581745713949203491e-02
4.563611745834350586e-02
4.551015794277191162e-02
4.539231210947036743e-02
4.528633877635002136e-02
4.518942162394523621e-02
4.510287567973136902e-02
4.501475021243095398e-02
4.493758827447891235e-02
4.485537856817245483e-02
4.478102177381515503e-02
4.470537230372428894e-02
4.463199526071548462e-02
4.456537216901779175e-02
4.450193792581558228e-02
4.443312808871269226e-02
4.438101500272750854e-02
4.432270675897598267e-02
4.428062960505485535e-02
4.422450065612792969e-02
4.416400194168090820e-02
4.409610480070114136e-02
4.404063895344734192e-02
4.400626569986343384e-02
4.394376277923583984e-02
