1.354093798249959901e+00
9.450752250850200653e-01
8.544602401554584059e-01
7.859481643885374291e-01
7.290131874382496102e-01
6.840411830693483575e-01
6.518982809036970583e-01
6.298184785991907120e-01
6.131198547780514208e-01
6.007040940225124581e-01
5.906948097050189750e-01
5.828639261424541917e-01
5.761479903012514114e-01
5.701502304524183051e-01
5.653643805533647981e-01
5.613232675939798799e-01
5.577157113701105562e-01
5.543945729732513428e-01
5.511657048016787019e-01
5.487096585333347543e-01
5.461084343492984550e-01
5.438343752175569534e-01
5.417775575071572813e-01
5.399258453398942947e-01
5.380472861230373161e-01
5.364268571138381958e-01
5.348354656249284522e-01
5.331946182996034622e-01
5.318215634673834069e-01
5.304566968232393709e-01
5.291505265980959161e-01
5.281024046242237535e-01
5.270430743694305420e-01
5.261808767914771812e-01
5.252196680754422919e-01
5.242409709841012733e-01
5.233816571533680406e-01
5.224910613149404970e-01
5.216971755027770552e-01
5.209164779633284059e-01
5.202284634113312212e-01
5.195158381015062554e-01
5.188656024634837882e-01
5.182552091777324899e-01
5.175692301243544069e-01
5.168350547552108543e-01
5.161771755665540695e-01
5.156793363392353502e-01
5.150629300624132156e-01
5.143712107092142105e-01
