9.304556995630264282e-02
8.049742132425308228e-02
7.221897691488265991e-02
6.577288359403610229e-02
6.192866712808609009e-02
5.945891141891479492e-02
5.751657485961914062e-02
5.608956888318061829e-02
5.487353727221488953e-02
5.399035662412643433e-02
5.319483205676078796e-02
5.242368578910827637e-02
5.177490040659904480e-02
5.119510740041732788e-02
5.058415979146957397e-02
5.009002238512039185e-02
4.962925985455513000e-02
4.921615868806838989e-02
4.884153977036476135e-02
4.848292097449302673e-02
4.800518602132797241e-02
4.769792407751083374e-02
4.736324027180671692e-02
4.712526127696037292e-02
4.698313027620315552e-02
4.676894843578338623e-02
4.666463285684585571e-02
4.662131518125534058e-02
4.647555202245712280e-02
4.627993702888488770e-02
4.612372070550918579e-02
4.595683887600898743e-02
4.583048820495605469e-02
4.579053446650505066e-02
4.564959555864334106e-02
4.548198729753494263e-02
4.538141936063766479e-02
4.525379091501235962e-02
4.509288072586059570e-02
4.512558132410049438e-02
4.497309774160385132e-02
4.488651454448699951e-02
4.473801329731941223e-02
4.465137422084808350e-02
4.449325054883956909e-02
4.434444755315780640e-02
4.420180991291999817e-02
4.425625875592231750e-02
4.399080947041511536e-02
4.404822736978530884e-02
