1.129875034093856812e-01
1.035732030868530273e-01
9.864666312932968140e-02
9.495307505130767822e-02
9.044639021158218384e-02
8.702468872070312500e-02
8.388416469097137451e-02
8.132641017436981201e-02
7.898443192243576050e-02
7.841973751783370972e-02
7.747796922922134399e-02
7.656493037939071655e-02
7.576694339513778687e-02
7.506537437438964844e-02
7.428787648677825928e-02
7.377965003252029419e-02
7.320846617221832275e-02
7.280357182025909424e-02
7.218633592128753662e-02
7.181014120578765869e-02
7.158102095127105713e-02
7.139708101749420166e-02
7.105387747287750244e-02
7.087676227092742920e-02
7.059967517852783203e-02
7.045877724885940552e-02
7.024961709976196289e-02
6.998221576213836670e-02
6.978503614664077759e-02
6.980204582214355469e-02
6.946651637554168701e-02
6.922217458486557007e-02
6.890424340963363647e-02
6.884150207042694092e-02
6.859340518712997437e-02
6.850815564393997192e-02
6.835944950580596924e-02
6.838934123516082764e-02
6.820560991764068604e-02
6.831235438585281372e-02
6.818651407957077026e-02
6.820917874574661255e-02
6.777290999889373779e-02
6.799539178609848022e-02
6.772395968437194824e-02
6.765262782573699951e-02
6.757896393537521362e-02
6.757717579603195190e-02
6.754997372627258301e-02
6.738140434026718140e-02
