5.190552026033401489e-02
5.199024453759193420e-02
5.210620164871215820e-02
5.178906023502349854e-02
5.161209404468536377e-02
5.135796219110488892e-02
5.117573589086532593e-02
5.103533342480659485e-02
5.081659555435180664e-02
5.084051191806793213e-02
5.073077976703643799e-02
5.062422528862953186e-02
5.058454722166061401e-02
5.053387209773063660e-02
5.045768618583679199e-02
5.039041861891746521e-02
5.025925487279891968e-02
5.024394392967224121e-02
5.005931854248046875e-02
5.001683905720710754e-02
4.996408149600028992e-02
4.987485706806182861e-02
4.980514571070671082e-02
4.980156570672988892e-02
4.975689202547073364e-02
4.969174414873123169e-02
4.964194446802139282e-02
4.960335046052932739e-02
4.958014562726020813e-02
4.955399781465530396e-02
4.956207796931266785e-02
4.947802051901817322e-02
4.941897094249725342e-02
4.943004623055458069e-02
4.942741617560386658e-02
4.932909831404685974e-02
4.932333901524543762e-02
4.931988567113876343e-02
4.930828884243965149e-02
4.935296624898910522e-02
4.926355928182601929e-02
4.925196617841720581e-02
4.926952719688415527e-02
4.932383447885513306e-02
4.928954318165779114e-02
4.927984997630119324e-02
4.928139597177505493e-02
4.924134910106658936e-02
4.922319576144218445e-02
4.923700168728828430e-02
