6.370976930484176237e-02
3.935900870710611066e-02
3.280131409410387555e-02
2.890075412578880718e-02
2.584098079241812368e-02
2.373081018449738760e-02
2.193095246329903464e-02
2.061119358986616273e-02
1.944899443769827416e-02
1.861436531180515885e-02
1.800626124022528668e-02
1.732493350282311370e-02
1.673329999903216958e-02
1.622911919839680264e-02
1.581147683318704505e-02
1.541474034311249817e-02
1.503394783940166166e-02
1.472337184241041472e-02
1.447356189601123333e-02
1.421915866667404840e-02
1.399052834603935550e-02
1.380383037030696869e-02
1.360058966092765262e-02
1.337639716221019660e-02
1.322229019133374164e-02
1.306295888498425553e-02
1.295625502243638073e-02
1.282189406920224498e-02
1.271036916878074373e-02
1.262082874309271643e-02
1.254744648467749288e-02
1.247117465827614000e-02
1.236297586583532358e-02
1.226839880691841210e-02
1.219568679225630989e-02
1.212100745178759133e-02
1.204808019683696260e-02
1.197512435610406135e-02
1.190745726926252177e-02
1.180921961204148794e-02
1.171823404729366302e-02
1.164223745581693947e-02
1.160123752779327298e-02
1.153748257202096353e-02
1.149336192174814711e-02
1.142728361883200636e-02
1.136836500954814186e-02
1.130847909953445161e-02
1.128474012948572566e-02
1.124334262567572296e-02
