5.270317196846008301e-02
4.326143115758895874e-02
3.586296364665031433e-02
3.088027797639369965e-02
2.755284309387207031e-02
2.481155470013618469e-02
2.284988388419151306e-02
2.122857794165611267e-02
1.997367665171623230e-02
1.893977820873260498e-02
1.806893385946750641e-02
1.735809445381164551e-02
1.687423512339591980e-02
1.646208204329013824e-02
1.618069037795066833e-02
1.591832935810089111e-02
1.571489498019218445e-02
1.552458666265010834e-02
1.533856987953186035e-02
1.521849073469638824e-02
1.513720490038394928e-02
1.502605993300676346e-02
1.490932144224643707e-02
1.480477117002010345e-02
1.468184031546115875e-02
1.459260843694210052e-02
1.438515819609165192e-02
1.424070633947849274e-02
1.421880722045898438e-02
1.413246989250183105e-02
1.406166702508926392e-02
1.400578301399946213e-02
1.394261699169874191e-02
1.392184197902679443e-02
1.387286745011806488e-02
1.383070647716522217e-02
1.379274390637874603e-02
1.375479064881801605e-02
1.376157719641923904e-02
1.370321772992610931e-02
1.368740200996398926e-02
1.365450024604797363e-02
1.360924262553453445e-02
1.358251832425594330e-02
1.350985188037157059e-02
1.349768321961164474e-02
1.344862021505832672e-02
1.337340008467435837e-02
1.340783108025789261e-02
1.334190927445888519e-02
