9.038038551807403564e-02
7.886861264705657959e-02
7.205680757761001587e-02
6.638232618570327759e-02
6.168737262487411499e-02
5.800492316484451294e-02
5.544792860746383667e-02
5.363538116216659546e-02
5.224759504199028015e-02
5.121521279215812683e-02
5.043654516339302063e-02
4.970908910036087036e-02
4.914437979459762573e-02
4.864769056439399719e-02
4.820118471980094910e-02
4.785460233688354492e-02
4.751287773251533508e-02
4.723317548632621765e-02
4.695066809654235840e-02
4.672311991453170776e-02
4.649774357676506042e-02
4.630178958177566528e-02
4.613228887319564819e-02
4.600036889314651489e-02
4.587429761886596680e-02
4.575178027153015137e-02
4.564707353711128235e-02
4.554621130228042603e-02
4.544418305158615112e-02
4.535335302352905273e-02
4.525803774595260620e-02
4.516379162669181824e-02
4.509082064032554626e-02
4.500544443726539612e-02
4.496558383107185364e-02
4.482962563633918762e-02
4.476057365536689758e-02
4.469554871320724487e-02
4.462942108511924744e-02
4.455158114433288574e-02
4.448295384645462036e-02
4.442174360156059265e-02
4.436986893415451050e-02
4.430900886654853821e-02
4.425350949168205261e-02
4.419428110122680664e-02
4.413797333836555481e-02
4.407401755452156067e-02
4.402312636375427246e-02
4.395390301942825317e-02
