2.477891182526946179e-01
1.866721272468566950e-01
1.686818763613700811e-01
1.531941427849233262e-01
1.440072654746472891e-01
1.380839516408741419e-01
1.336433465592563041e-01
1.301689163781702407e-01
1.273990619927644619e-01
1.251203711144626141e-01
1.232957674190402059e-01
1.216411312110722009e-01
1.202515066601335947e-01
1.190487086772918646e-01
1.179644448682665853e-01
1.170252682641148567e-01
1.161575549282133635e-01
1.154245814308524076e-01
1.147349280305206831e-01
1.141146161593496744e-01
1.135221749544143705e-01
1.130326151847839411e-01
1.125402108766138526e-01
1.121105864644050543e-01
1.117167737334966715e-01
1.113353360444307300e-01
1.109927982091903631e-01
1.106769927777349893e-01
1.103659222833812265e-01
1.100108156912028845e-01
1.097478420473635141e-01
1.095102583989500944e-01
1.092705093324184418e-01
1.090426876209676238e-01
1.088294225744903115e-01
1.086035180836915914e-01
1.083759673871100004e-01
1.081837354227900561e-01
1.079828344285488073e-01
1.077950454317033319e-01
1.076544463634490911e-01
1.074577685445547159e-01
1.073071582242846461e-01
1.071429501287639169e-01
1.069673229940235615e-01
1.067849887534975950e-01
1.066205176524817888e-01
1.064613170921802493e-01
1.063191241584718200e-01
1.061925447545945672e-01
