1.936406368389725630e-01
1.345300455577671528e-01
1.169069113209843663e-01
1.020672984421253232e-01
9.291389170102774819e-02
8.703756527975201052e-02
8.276393357664346695e-02
7.946277027949691374e-02
7.675356678664684018e-02
7.460810863412917215e-02
7.273871041834353846e-02
7.122273487038910389e-02
6.987927807494997978e-02
6.875000987201929092e-02
6.776253082789480964e-02
6.690442780964075964e-02
6.611078162677586079e-02
6.538929790258407593e-02
6.472838935442268293e-02
6.416013576090336124e-02
6.365354605950415690e-02
6.318017779849469107e-02
6.279726354405283650e-02
6.236018994823098321e-02
6.203609136864542822e-02
6.166802197694778304e-02
6.142180268652737418e-02
6.110688257031142434e-02
6.080332882702350894e-02
6.056085824966430525e-02
6.028735940344631672e-02
6.006370508112013340e-02
5.984849748201668401e-02
5.965871145017444949e-02
5.945996115915477137e-02
5.926230074837803702e-02
5.905789649114012718e-02
5.886054118163883825e-02
5.869660386815667152e-02
5.849929419346153875e-02
5.834943233057856421e-02
5.814715479500591477e-02
5.800078255124389848e-02
5.780677427537739277e-02
5.768318888731301108e-02
5.752994851209223409e-02
5.738723520189523836e-02
5.725089060142636577e-02
5.713201533071696897e-02
5.702126068063080588e-02
