6.152499839663505554e-02
5.124760791659355164e-02
4.579301923513412476e-02
4.104336351156234741e-02
3.590955585241317749e-02
3.251699358224868774e-02
3.052576258778572083e-02
2.886763215065002441e-02
2.771928347647190094e-02
2.693535760045051575e-02
2.666677162051200867e-02
2.629001811146736145e-02
2.598205208778381348e-02
2.563812956213951111e-02
2.527705393731594086e-02
2.487892657518386841e-02
2.465209551155567169e-02
2.448823489248752594e-02
2.440747991204261780e-02
2.427954971790313721e-02
2.431411482393741608e-02
2.420869469642639160e-02
2.424224652349948883e-02
2.418978698551654816e-02
2.413089200854301453e-02
2.409176155924797058e-02
2.404362894594669342e-02
2.403033897280693054e-02
2.398486807942390442e-02
2.396055497229099274e-02
2.386050485074520111e-02
2.389103733003139496e-02
2.387567982077598572e-02
2.380182407796382904e-02
2.389100566506385803e-02
2.366058900952339172e-02
2.361235581338405609e-02
2.359255775809288025e-02
2.356331981718540192e-02
2.353950589895248413e-02
2.348659932613372803e-02
2.346897870302200317e-02
2.343675121665000916e-02
2.342262119054794312e-02
2.341121993958950043e-02
2.334870956838130951e-02
2.331069670617580414e-02
2.327556721866130829e-02
2.323188260197639465e-02
2.320097386837005615e-02
