5.138703063130378723e-02
5.126166716217994690e-02
5.132583901286125183e-02
5.138108879327774048e-02
5.130343139171600342e-02
5.126027762889862061e-02
5.119717866182327271e-02
5.109919607639312744e-02
5.089192837476730347e-02
5.077830329537391663e-02
5.061968415975570679e-02
5.045346915721893311e-02
5.037118867039680481e-02
5.023300647735595703e-02
5.009600147604942322e-02
5.006055906414985657e-02
5.002719536423683167e-02
4.997963830828666687e-02
4.992802441120147705e-02
4.994430020451545715e-02
4.985331743955612183e-02
4.978223890066146851e-02
4.976115003228187561e-02
4.968174919486045837e-02
4.969833791255950928e-02
4.964431002736091614e-02
4.959705099463462830e-02
4.953457787632942200e-02
4.953438788652420044e-02
4.952897503972053528e-02
4.950989037752151489e-02
4.955141991376876831e-02
4.952753335237503052e-02
4.954322054982185364e-02
4.951500520110130310e-02
4.951934143900871277e-02
4.947920143604278564e-02
4.951933771371841431e-02
4.952911287546157837e-02
4.954767599701881409e-02
4.952265322208404541e-02
4.954180866479873657e-02
4.949404299259185791e-02
4.943142086267471313e-02
4.943140596151351929e-02
4.943009465932846069e-02
4.939669743180274963e-02
4.936868324875831604e-02
4.937516525387763977e-02
4.937525466084480286e-02
