9.295572340488433838e-02
8.075711876153945923e-02
7.298646122217178345e-02
6.631605327129364014e-02
6.237776204943656921e-02
5.973201990127563477e-02
5.799090862274169922e-02
5.636578053236007690e-02
5.511550977826118469e-02
5.409369617700576782e-02
5.317245051264762878e-02
5.234868079423904419e-02
5.161470919847488403e-02
5.096174404025077820e-02
5.040041357278823853e-02
4.983610287308692932e-02
4.934690892696380615e-02
4.889367148280143738e-02
4.848138242959976196e-02
4.808256402611732483e-02
4.772810637950897217e-02
4.742215946316719055e-02
4.711708426475524902e-02
4.675253853201866150e-02
4.648216813802719116e-02
4.633859544992446899e-02
4.628014937043190002e-02
4.619305580854415894e-02
4.615868255496025085e-02
4.599554091691970825e-02
4.586098343133926392e-02
4.567623510956764221e-02
4.565089941024780273e-02
4.564562067389488220e-02
4.553102329373359680e-02
4.538873583078384399e-02
4.523605108261108398e-02
4.510603100061416626e-02
4.498627409338951111e-02
4.495391994714736938e-02
4.479897767305374146e-02
4.467179253697395325e-02
4.454522207379341125e-02
4.448480531573295593e-02
4.434391856193542480e-02
4.426614195108413696e-02
4.415705427527427673e-02
4.410199075937271118e-02
4.394747689366340637e-02
4.388061910867691040e-02
