4.352729395031929016e-02
3.486964851617813110e-02
3.081122599542140961e-02
2.741779014468193054e-02
2.448459342122077942e-02
2.266201563179492950e-02
2.117308415472507477e-02
1.988364569842815399e-02
1.881697401404380798e-02
1.819561049342155457e-02
1.750958338379859924e-02
1.691186241805553436e-02
1.635725982487201691e-02
1.589807495474815369e-02
1.548289693892002106e-02
1.516251266002655029e-02
1.480831392109394073e-02
1.452228985726833344e-02
1.426049508154392242e-02
1.401436049491167068e-02
1.378922723233699799e-02
1.355264522135257721e-02
1.340436004102230072e-02
1.324015296995639801e-02
1.309194881469011307e-02
1.296222489327192307e-02
1.284009777009487152e-02
1.274493895471096039e-02
1.261499244719743729e-02
1.255225855857133865e-02
1.239835936576128006e-02
1.227095536887645721e-02
1.216721348464488983e-02
1.211289037019014359e-02
1.202073693275451660e-02
1.190655492246150970e-02
1.186752598732709885e-02
1.182090211659669876e-02
1.177439093589782715e-02
1.167378015816211700e-02
1.164871640503406525e-02
1.163225714117288589e-02
1.156052388250827789e-02
1.153985969722270966e-02
1.144314277917146683e-02
1.138512510806322098e-02
1.133943069726228714e-02
1.129968930035829544e-02
1.126496307551860809e-02
1.119218301028013229e-02
