1.826817062497138933e+00
1.410087978839874356e+00
1.316656619310379028e+00
1.247851134836673648e+00
1.190427762269973710e+00
1.145342678576707796e+00
1.110208556056022644e+00
1.085395149141550108e+00
1.067193073034286455e+00
1.052185834944248111e+00
1.040919037908315747e+00
1.031640191376209215e+00
1.023452182859182269e+00
1.017032498121261508e+00
1.011163967847824141e+00
1.005887635797262147e+00
1.001331749558448836e+00
9.972907118499279022e-01
9.936470679938793626e-01
9.904670082032680511e-01
9.876224160194396751e-01
9.852481156587600264e-01
9.829283922910689864e-01
9.809382580220699088e-01
9.791676804423332658e-01
9.775279447436332481e-01
9.760325849056243896e-01
9.746398739516735077e-01
9.733679212629795519e-01
9.720018886029719862e-01
9.708705656230449677e-01
9.698377922177314758e-01
9.687935724854469521e-01
9.678383566439151542e-01
9.668863721191882643e-01
9.658908292651176009e-01
9.649150237441063149e-01
9.639406010508537737e-01
9.630993038415909258e-01
9.623406514525413291e-01
9.613997519016266313e-01
9.605887345969676971e-01
9.597949028015136941e-01
9.590214647352695021e-01
9.583368837833404763e-01
9.575252719223499298e-01
9.567250624299049599e-01
9.561248123645782471e-01
9.555612012743950334e-01
9.548687942326068434e-01
