5.261416360735893250e-02
4.286698624491691589e-02
3.553039953112602234e-02
3.059181012213230133e-02
2.702446840703487396e-02
2.438912913203239441e-02
2.243249863386154175e-02
2.090522646903991699e-02
1.963418349623680115e-02
1.858590170741081238e-02
1.785998418927192688e-02
1.728702895343303680e-02
1.685542427003383636e-02
1.645418070256710052e-02
1.613578200340270996e-02
1.589529030025005341e-02
1.569348014891147614e-02
1.551978569477796555e-02
1.537148375064134598e-02
1.519411522895097733e-02
1.508110575377941132e-02
1.495870947837829590e-02
1.481580454856157303e-02
1.465789973735809326e-02
1.452102232724428177e-02
1.445739902555942535e-02
1.435182802379131317e-02
1.422134321182966232e-02
1.417763531208038330e-02
1.410557329654693604e-02
1.406880933791399002e-02
1.400328148156404495e-02
1.394741050899028778e-02
1.394145656377077103e-02
1.390023808926343918e-02
1.384801138192415237e-02
1.380984485149383545e-02
1.374836731702089310e-02
1.369502209126949310e-02
1.355103403329849243e-02
1.349288411438465118e-02
1.346807740628719330e-02
1.344556175172328949e-02
1.347156800329685211e-02
1.340675074607133865e-02
1.338979043066501617e-02
1.333908177912235260e-02
1.332246325910091400e-02
1.326031237840652466e-02
1.326266862452030182e-02
