5.116782709956169128e-02
5.091900378465652466e-02
5.085906758904457092e-02
5.083368718624114990e-02
5.077967420220375061e-02
5.076922848820686340e-02
5.069423094391822815e-02
5.056582391262054443e-02
5.039923265576362610e-02
5.019509792327880859e-02
5.011194571852684021e-02
5.007442459464073181e-02
4.995420575141906738e-02
4.986812174320220947e-02
4.973510652780532837e-02
4.965899512171745300e-02
4.960482195019721985e-02
4.948988929390907288e-02
4.946139454841613770e-02
4.945762082934379578e-02
4.931310191750526428e-02
4.934982955455780029e-02
4.931496083736419678e-02
4.934984445571899414e-02
4.934535920619964600e-02
4.934896901249885559e-02
4.932956397533416748e-02
4.927792027592658997e-02
4.930658638477325439e-02
4.922384023666381836e-02
4.923237860202789307e-02
4.923437908291816711e-02
4.923821613192558289e-02
4.921093583106994629e-02
4.918675124645233154e-02
4.916097223758697510e-02
4.909154027700424194e-02
4.911514744162559509e-02
4.913652315735816956e-02
4.911658912897109985e-02
4.907163232564926147e-02
4.906242340803146362e-02
4.905750975012779236e-02
4.903815686702728271e-02
4.900139197707176208e-02
4.901777952909469604e-02
4.901272803544998169e-02
4.902400821447372437e-02
4.907450824975967407e-02
4.909022152423858643e-02
