5.969417840242385864e-02
5.083279684185981750e-02
4.537577554583549500e-02
4.057908430695533752e-02
3.532772138714790344e-02
3.251247853040695190e-02
3.074948862195014954e-02
2.917109802365303040e-02
2.808999642729759216e-02
2.735183574259281158e-02
2.692690491676330566e-02
2.657306194305419922e-02
2.625528536736965179e-02
2.584132179617881775e-02
2.551659382879734039e-02
2.530052699148654938e-02
2.502039447426795959e-02
2.483554556965827942e-02
2.477512136101722717e-02
2.462491206824779510e-02
2.448982372879981995e-02
2.439844049513339996e-02
2.429634332656860352e-02
2.422952279448509216e-02
2.416646853089332581e-02
2.405146881937980652e-02
2.396742440760135651e-02
2.391834557056427002e-02
2.391506917774677277e-02
2.383157052099704742e-02
2.380418963730335236e-02
2.377944998443126678e-02
2.372842840850353241e-02
2.368785813450813293e-02
2.365743741393089294e-02
2.364822104573249817e-02
2.360532246530056000e-02
2.359005808830261230e-02
2.354446239769458771e-02
2.351574972271919250e-02
2.346314862370491028e-02
2.345297299325466156e-02
2.342428267002105713e-02
2.334256470203399658e-02
2.328227832913398743e-02
2.327801659703254700e-02
2.316492795944213867e-02
2.310649678111076355e-02
2.296444587409496307e-02
2.291591838002204895e-02
