5.159912630915641785e-02
5.141377449035644531e-02
5.140810459852218628e-02
5.120360106229782104e-02
5.104905739426612854e-02
5.076809599995613098e-02
5.067490041255950928e-02
5.059976503252983093e-02
5.051934719085693359e-02
5.043395981192588806e-02
5.030718818306922913e-02
5.019985139369964600e-02
5.012861639261245728e-02
5.002848803997039795e-02
4.994302988052368164e-02
4.988611489534378052e-02
4.983169585466384888e-02
4.976508021354675293e-02
4.965250566601753235e-02
4.962655156850814819e-02
4.954779893159866333e-02
4.949194937944412231e-02
4.950842261314392090e-02
4.948540031909942627e-02
4.946329444646835327e-02
4.942389950156211853e-02
4.940864071249961853e-02
4.944812506437301636e-02
4.940871521830558777e-02
4.939241707324981689e-02
4.937277734279632568e-02
4.940243065357208252e-02
4.931484907865524292e-02
4.931756854057312012e-02
4.925119504332542419e-02
4.923828318715095520e-02
4.921878874301910400e-02
4.919577762484550476e-02
4.915371909737586975e-02
4.916953295469284058e-02
4.918226599693298340e-02
4.918064177036285400e-02
4.916419461369514465e-02
4.915993660688400269e-02
4.906988143920898438e-02
4.910502955317497253e-02
4.908341914415359497e-02
4.906727373600006104e-02
4.908973351120948792e-02
4.907463863492012024e-02
