9.710866212844848633e-02
9.251707792282104492e-02
7.691116631031036377e-02
7.678590714931488037e-02
6.846411526203155518e-02
6.424263119697570801e-02
6.381796300411224365e-02
6.345169246196746826e-02
6.329419463872909546e-02
6.369800865650177002e-02
6.083054468035697937e-02
6.074284389615058899e-02
6.193622201681137085e-02
6.304960697889328003e-02
5.927322432398796082e-02
5.933248251676559448e-02
5.958988517522811890e-02
5.737219005823135376e-02
5.929435417056083679e-02
5.910379812121391296e-02
5.910762026906013489e-02
5.751171708106994629e-02
5.824849009513854980e-02
5.957553535699844360e-02
5.899823457002639771e-02
5.886132642626762390e-02
6.007469445466995239e-02
5.971986800432205200e-02
5.999682098627090454e-02
6.052614375948905945e-02
5.889412015676498413e-02
5.925037339329719543e-02
5.840530246496200562e-02
5.695909261703491211e-02
5.760674551129341125e-02
5.731865018606185913e-02
5.715959146618843079e-02
5.614189058542251587e-02
5.758320540189743042e-02
5.702207610011100769e-02
5.615399405360221863e-02
5.563042685389518738e-02
5.518534779548645020e-02
5.486661195755004883e-02
5.475132539868354797e-02
5.460896342992782593e-02
5.376412719488143921e-02
5.457829311490058899e-02
5.460526421666145325e-02
5.420969054102897644e-02
