7.810261845588684082e-02
6.247777864336967468e-02
5.390308052301406860e-02
5.184281989932060242e-02
4.805378988385200500e-02
4.653766006231307983e-02
4.622730985283851624e-02
4.519484192132949829e-02
4.436696320772171021e-02
4.371843487024307251e-02
4.347703605890274048e-02
4.305844381451606750e-02
4.267485067248344421e-02
4.223132878541946411e-02
4.170168191194534302e-02
4.161084815859794617e-02
4.118189215660095215e-02
4.090471565723419189e-02
4.050888866186141968e-02
4.084314778447151184e-02
4.086738079786300659e-02
4.032426327466964722e-02
4.038628190755844116e-02
4.037937149405479431e-02
4.036001488566398621e-02
4.036760330200195312e-02
3.999262303113937378e-02
4.011639207601547241e-02
4.012537002563476562e-02
3.958952799439430237e-02
3.961469978094100952e-02
3.964702412486076355e-02
3.930927440524101257e-02
3.937316313385963440e-02
3.921053558588027954e-02
3.877778723835945129e-02
3.872643783688545227e-02
3.847990557551383972e-02
3.875509276986122131e-02
3.860852494835853577e-02
3.844566270709037781e-02
3.826459124684333801e-02
3.844108432531356812e-02
3.837127238512039185e-02
3.820840269327163696e-02
3.828899562358856201e-02
3.820959851145744324e-02
3.775761276483535767e-02
3.800772130489349365e-02
3.773945942521095276e-02
