9.437897339463233726e-01
6.579516313970088515e-01
5.783951174467801826e-01
5.541766047477721946e-01
5.213281337171793428e-01
5.063037049025297387e-01
4.906629629433155171e-01
4.795588929206132667e-01
4.715288769453763740e-01
4.657499067485332267e-01
4.600386466830969079e-01
4.551948104053735733e-01
4.514296934008598106e-01
4.479365162551403046e-01
4.453776251524687035e-01
4.424971584230661392e-01
4.400031127035617939e-01
4.380563057959079853e-01
4.366222318261862023e-01
4.347116384655237420e-01
4.332264140248298645e-01
4.308523472398519405e-01
4.297949790954589955e-01
4.288740027695894241e-01
4.266256064176559559e-01
4.247831638902425655e-01
4.243787117302417755e-01
4.224903199821710698e-01
4.215281054377555958e-01
4.206187728792428748e-01
4.194341648370027431e-01
4.182785380631685035e-01
4.174496185034513585e-01
4.163393333554267772e-01
4.150057189166546090e-01
4.145925663411617057e-01
4.134766165167093055e-01
4.121354833245277627e-01
4.120265506207942963e-01
4.103885494172573312e-01
4.101844046264886967e-01
4.092506166547537072e-01
4.090653259307145961e-01
4.085031047463417164e-01
4.074055328965187073e-01
4.066057935357093589e-01
4.056079190224409214e-01
4.050241604447364918e-01
4.042736101895570977e-01
4.027425140142441018e-01
