3.888298198580741882e-02
2.432391420006752014e-02
1.963282562792301178e-02
1.901190914213657379e-02
1.775706000626087189e-02
1.502735912799835205e-02
1.453874725848436356e-02
1.484321337193250656e-02
1.283360458910465240e-02
1.246921718120574951e-02
1.257523894309997559e-02
1.336789317429065704e-02
1.162108965218067169e-02
1.199939195066690445e-02
1.188830286264419556e-02
1.080711744725704193e-02
1.118693687021732330e-02
1.060295011848211288e-02
1.102326158434152603e-02
1.070745009928941727e-02
1.036430615931749344e-02
1.004165224730968475e-02
1.007989887148141861e-02
1.016228646039962769e-02
1.010641176253557205e-02
9.918700903654098511e-03
9.411884471774101257e-03
9.445129893720149994e-03
9.482627734541893005e-03
9.522698819637298584e-03
9.200875647366046906e-03
9.195601567625999451e-03
9.149484336376190186e-03
9.224712848663330078e-03
9.320987388491630554e-03
9.340630844235420227e-03
9.303477592766284943e-03
9.196432307362556458e-03
9.111550636589527130e-03
9.388244710862636566e-03
9.853405877947807312e-03
9.797411970794200897e-03
9.048891253769397736e-03
9.087599813938140869e-03
9.586947038769721985e-03
9.386272169649600983e-03
8.987937122583389282e-03
8.864256553351879120e-03
9.052189067006111145e-03
9.058634750545024872e-03
8.803224191069602966e-03
8.803458884358406067e-03
8.684101514518260956e-03
8.615864440798759460e-03
8.767642080783843994e-03
9.368610568344593048e-03
9.449663572013378143e-03
9.195976890623569489e-03
9.620457887649536133e-03
8.897697553038597107e-03
8.533233776688575745e-03
8.580839261412620544e-03
8.621733635663986206e-03
8.479498326778411865e-03
8.219615556299686432e-03
8.454342372715473175e-03
8.242519572377204895e-03
8.424517698585987091e-03
8.264471776783466339e-03
8.454118855297565460e-03
8.432587608695030212e-03
8.387491106986999512e-03
8.286209776997566223e-03
8.309344761073589325e-03
9.142076596617698669e-03
8.705070242285728455e-03
9.575285017490386963e-03
9.244724176824092865e-03
9.491423144936561584e-03
8.830079808831214905e-03
8.832021616399288177e-03
8.660472929477691650e-03
8.945149369537830353e-03
9.011331014335155487e-03
8.742392994463443756e-03
9.380481205880641937e-03
8.930742740631103516e-03
8.622914552688598633e-03
8.668701164424419403e-03
8.558435365557670593e-03
8.430549874901771545e-03
8.123536594212055206e-03
8.675000630319118500e-03
8.391521871089935303e-03
8.353805169463157654e-03
8.549001999199390411e-03
8.848670870065689087e-03
8.539650589227676392e-03
8.581862784922122955e-03
8.719574660062789917e-03
