9.274475276470184326e-02
7.423153519630432129e-02
7.031375169754028320e-02
6.500677019357681274e-02
6.357481330633163452e-02
6.130484864115715027e-02
6.150003150105476379e-02
6.107370927929878235e-02
5.665849894285202026e-02
5.590951442718505859e-02
5.679150670766830444e-02
5.580965429544448853e-02
5.450228601694107056e-02
5.546855181455612183e-02
5.454420298337936401e-02
5.381499975919723511e-02
5.352189391851425171e-02
5.271219089627265930e-02
5.351680517196655273e-02
5.193476751446723938e-02
5.110603570938110352e-02
5.073753744363784790e-02
5.119252949953079224e-02
5.136271566152572632e-02
5.157832056283950806e-02
5.151752382516860962e-02
5.042619258165359497e-02
4.968227073550224304e-02
5.029679462313652039e-02
5.010425299406051636e-02
4.915596917271614075e-02
4.865150153636932373e-02
4.879325628280639648e-02
4.902903363108634949e-02
4.870115593075752258e-02
4.837919026613235474e-02
4.871391877532005310e-02
4.791064932942390442e-02
4.795862734317779541e-02
4.741461202502250671e-02
5.000104382634162903e-02
4.992864653468132019e-02
4.818644374608993530e-02
4.772084206342697144e-02
5.045611411333084106e-02
4.879171401262283325e-02
4.813582450151443481e-02
4.753119498491287231e-02
4.720146581530570984e-02
4.746807366609573364e-02
