9.274475276470184326e-02
7.423153519630432129e-02
7.031375169754028320e-02
6.500677019357681274e-02
6.357481330633163452e-02
6.130484864115715027e-02
6.150003150105476379e-02
6.107370927929878235e-02
5.665849894285202026e-02
5.590951442718505859e-02
5.679150670766830444e-02
5.580965429544448853e-02
5.450228601694107056e-02
5.546855181455612183e-02
5.454420298337936401e-02
5.381499975919723511e-02
5.352189391851425171e-02
5.271219089627265930e-02
5.351680517196655273e-02
5.193476751446723938e-02
5.110603570938110352e-02
5.073753744363784790e-02
5.119252949953079224e-02
5.136271566152572632e-02
5.157832056283950806e-02
5.151752382516860962e-02
5.042619258165359497e-02
4.968227073550224304e-02
5.029679462313652039e-02
5.010425299406051636e-02
4.915596917271614075e-02
4.865150153636932373e-02
4.879325628280639648e-02
4.902903363108634949e-02
4.870115593075752258e-02
4.837919026613235474e-02
4.871391877532005310e-02
4.791064932942390442e-02
4.795862734317779541e-02
4.741461202502250671e-02
5.000104382634162903e-02
4.992864653468132019e-02
4.818644374608993530e-02
4.772084206342697144e-02
5.045611411333084106e-02
4.879171401262283325e-02
4.813582450151443481e-02
4.753119498491287231e-02
4.720146581530570984e-02
4.746807366609573364e-02
4.761971160769462585e-02
4.755688458681106567e-02
4.716500639915466309e-02
4.657743498682975769e-02
4.795172065496444702e-02
4.743940383195877075e-02
4.780832305550575256e-02
4.854634404182434082e-02
4.919020459055900574e-02
4.774631187319755554e-02
4.750081896781921387e-02
4.725207015872001648e-02
4.810760542750358582e-02
4.742546379566192627e-02
4.738662391901016235e-02
4.677033051848411560e-02
4.678000137209892273e-02
4.694719985127449036e-02
4.789766669273376465e-02
4.621443152427673340e-02
4.732585698366165161e-02
4.692174866795539856e-02
4.565536230802536011e-02
4.645588994026184082e-02
4.616805166006088257e-02
4.561256617307662964e-02
4.689193889498710632e-02
4.665946215391159058e-02
4.646312072873115540e-02
4.626242443919181824e-02
4.596777632832527161e-02
4.529961943626403809e-02
4.505329206585884094e-02
4.523990303277969360e-02
4.588322341442108154e-02
4.561675339937210083e-02
4.568015038967132568e-02
4.526524618268013000e-02
4.569972306489944458e-02
4.582685232162475586e-02
4.598226025700569153e-02
4.654578492045402527e-02
4.576966539025306702e-02
4.660252481698989868e-02
4.675742238759994507e-02
4.691786691546440125e-02
4.644884169101715088e-02
4.676393419504165649e-02
4.648818448185920715e-02
4.642749577760696411e-02
