1.591988084837794304e-01
1.068647055886685904e-01
8.399223615415393751e-02
7.410795344039797228e-02
6.925509530119597357e-02
6.568050403147936145e-02
6.306434348225593844e-02
6.107749794609844407e-02
6.001948160119354586e-02
5.912417289800941944e-02
5.838036071509122849e-02
5.764311058446765224e-02
5.672183190472424030e-02
5.628638630732894083e-02
5.592888691462576112e-02
5.559683949686586996e-02
5.517096072435379028e-02
5.469230967573821683e-02
5.408057365566491803e-02
5.426144199445843974e-02
5.381971141323447366e-02
5.346821132116019726e-02
5.316487764939666072e-02
5.283403436187654456e-02
5.281902365386485776e-02
5.279024611227214198e-02
5.264248950406909267e-02
5.224856212735175948e-02
5.201096143573522707e-02
5.172542622312903404e-02
5.134332661982625445e-02
5.132067238446325064e-02
5.102673508226871629e-02
5.074817319400608262e-02
5.057060355320572992e-02
5.051087669562548399e-02
5.021870722994208058e-02
5.001915562897920470e-02
4.993850707542150935e-02
4.978148387745022496e-02
4.959468492306769172e-02
4.936135753523558656e-02
4.918094971217214922e-02
4.917821250855922838e-02
4.905027693603188077e-02
4.893757260870188613e-02
4.877715643960982284e-02
4.875597902573645254e-02
4.862469546496868411e-02
4.847718388773501058e-02
