4.411004111170768738e-02
2.760871313512325287e-02
2.252965234220027924e-02
2.008032798767089844e-02
1.731465384364128113e-02
1.628200337290763855e-02
1.581920124590396881e-02
1.528982631862163544e-02
1.509662438184022903e-02
1.453709416091442108e-02
1.487735472619533539e-02
1.459044497460126877e-02
1.436662394553422928e-02
1.407358050346374512e-02
1.369415502995252609e-02
1.361084915697574615e-02
1.382327545434236526e-02
1.370775140821933746e-02
1.364572625607252121e-02
1.366052310913801193e-02
1.330748945474624634e-02
1.312962733209133148e-02
1.316703297197818756e-02
1.296090800315141678e-02
1.288783084601163864e-02
1.261789631098508835e-02
1.260300166904926300e-02
1.246545743197202682e-02
1.254944782704114914e-02
1.231268793344497681e-02
1.233555004000663757e-02
1.235680095851421356e-02
1.218484900891780853e-02
1.232274901121854782e-02
1.236188225448131561e-02
1.230937242507934570e-02
1.231093984097242355e-02
1.227807439863681793e-02
1.236403826624155045e-02
1.250873506069183350e-02
1.222293358296155930e-02
1.224329229444265366e-02
1.274545956403017044e-02
1.241452060639858246e-02
1.237576641142368317e-02
1.253108400851488113e-02
1.235587708652019501e-02
1.256101764738559723e-02
1.229455601423978806e-02
1.227807067334651947e-02
