6.782049676403403837e-02
4.031699728220701495e-02
3.072058786638081143e-02
2.557333596050739150e-02
2.274488008115440468e-02
2.053399391006678273e-02
1.965764639899134775e-02
1.886806820984929939e-02
1.817510073306038976e-02
1.731464823242277046e-02
1.673438181169330935e-02
1.673315927619114379e-02
1.638003177940845420e-02
1.609761153813451390e-02
1.582252101507037809e-02
1.578443545149639179e-02
1.563769370550289681e-02
1.536930551519617369e-02
1.543701761402189662e-02
1.514081228524446522e-02
1.508631694596260751e-02
1.481221936410292983e-02
1.472713712137192418e-02
1.464495236286893556e-02
1.465449350653216277e-02
1.437817105324938963e-02
1.430729492567479541e-02
1.427978274878114427e-02
1.431415037950500846e-02
1.444123819237574935e-02
1.400062340544536675e-02
1.388273627962917020e-02
1.402464224956929614e-02
1.378878109389916097e-02
1.366545495111495291e-02
1.382384919561445782e-02
1.367936984170228278e-02
1.370990131981670787e-02
1.363720026565715636e-02
1.409930392401292920e-02
1.383205250604078139e-02
1.375414400827139685e-02
1.347983384039252996e-02
1.352667337050661445e-02
1.372748598223552143e-02
1.346849527908489108e-02
1.335680284537374939e-02
1.332004261203110183e-02
1.341892575146630406e-02
1.317520991433411906e-02
1.329622179036960006e-02
1.316817598417401383e-02
1.302269202424213325e-02
1.296959407627582515e-02
1.320431048516184161e-02
1.331603948492556845e-02
1.387011122424155508e-02
1.338006678270176053e-02
1.333225484704598715e-02
1.341415736824274132e-02
1.319549442268908024e-02
1.300585705321282218e-02
1.299444965552538564e-02
1.299288714071735774e-02
1.282921328675001860e-02
1.289803427644073928e-02
1.280523939058184589e-02
1.289478325052186881e-02
1.290439154254272545e-02
1.294870293932035531e-02
1.289208814268931816e-02
1.282309826929122279e-02
1.284098045434802805e-02
1.316942669218406151e-02
1.298013695050031016e-02
1.316571235656738281e-02
1.325368471443653072e-02
1.352368340594694088e-02
1.337406857637688483e-02
1.309295450337231125e-02
1.291405390948057244e-02
1.275088792899623479e-02
1.269318455597385695e-02
1.259897979907691548e-02
1.271831208141520689e-02
1.262949847150593961e-02
1.267928954912349651e-02
1.267218840075656772e-02
1.260205374564975569e-02
1.265026311157271301e-02
1.254919320344924892e-02
1.268142915796488523e-02
1.281878338195383514e-02
1.265767862787470222e-02
1.248842554632574250e-02
1.249047606252133916e-02
1.263793808175250888e-02
1.249255147995427181e-02
1.235764890443533624e-02
1.240857976954430272e-02
