3.732772916555404663e-02
3.108926489949226379e-02
2.117570117115974426e-02
2.338030934333801270e-02
1.597323082387447357e-02
1.421205420047044754e-02
1.373492181301116943e-02
1.294076442718505859e-02
1.303473673760890961e-02
1.234615314751863480e-02
1.157456636428833008e-02
1.145991683006286621e-02
1.166834123432636261e-02
1.171393785625696182e-02
1.110924407839775085e-02
1.061523705720901489e-02
1.074995659291744232e-02
1.095166243612766266e-02
1.019781269133090973e-02
1.064015366137027740e-02
1.065372116863727570e-02
1.037875749170780182e-02
1.021336577832698822e-02
1.057475432753562927e-02
1.033370383083820343e-02
1.027831155806779861e-02
1.061938889324665070e-02
1.051221229135990143e-02
1.092027314007282257e-02
1.113983057439327240e-02
1.034852303564548492e-02
1.018214784562587738e-02
1.005982048809528351e-02
9.521923959255218506e-03
9.496475569903850555e-03
9.386463090777397156e-03
9.412982501089572906e-03
8.905312046408653259e-03
9.202783927321434021e-03
9.189116768538951874e-03
9.088354185223579407e-03
8.868665434420108795e-03
8.978690020740032196e-03
8.945971727371215820e-03
9.218981489539146423e-03
8.786910213530063629e-03
9.064273908734321594e-03
9.179489687085151672e-03
8.758930489420890808e-03
9.056925773620605469e-03
