6.722054630517959595e-02
5.594264715909957886e-02
5.156319588422775269e-02
4.988960176706314087e-02
4.882927983999252319e-02
4.620887711644172668e-02
4.491565376520156860e-02
4.393860697746276855e-02
4.342667385935783386e-02
4.329922050237655640e-02
4.278273507952690125e-02
4.239867255091667175e-02
4.214838519692420959e-02
4.176871106028556824e-02
4.160970449447631836e-02
4.156928509473800659e-02
4.128523916006088257e-02
4.128498584032058716e-02
4.102371260523796082e-02
4.100265353918075562e-02
4.079788178205490112e-02
4.085399582982063293e-02
4.077140986919403076e-02
4.067348688840866089e-02
4.051640629768371582e-02
4.043753072619438171e-02
4.026790335774421692e-02
4.027637466788291931e-02
4.014895856380462646e-02
3.997845575213432312e-02
3.996751829981803894e-02
3.993362933397293091e-02
3.978734090924263000e-02
3.966916725039482117e-02
3.966088220477104187e-02
3.955380246043205261e-02
3.957300633192062378e-02
3.945759311318397522e-02
3.940792754292488098e-02
3.934534639120101929e-02
3.933261707425117493e-02
3.920427709817886353e-02
3.918155282735824585e-02
3.918824717402458191e-02
3.918711841106414795e-02
3.923923522233963013e-02
3.918127715587615967e-02
3.910316899418830872e-02
3.906667977571487427e-02
3.904275968670845032e-02
