4.905610531568527222e-02
3.317176178097724915e-02
3.101727738976478577e-02
2.534404024481773376e-02
2.497085928916931152e-02
2.315266802906990051e-02
2.329321578145027161e-02
2.272177115082740784e-02
2.311474084854125977e-02
2.329216897487640381e-02
2.317032217979431152e-02
2.280312962830066681e-02
2.292594686150550842e-02
2.268572710454463959e-02
2.233008854091167450e-02
2.314727567136287689e-02
2.292918041348457336e-02
2.336945571005344391e-02
2.297021076083183289e-02
2.311823330819606781e-02
2.280941605567932129e-02
2.302528358995914459e-02
2.321038767695426941e-02
2.308532409369945526e-02
2.279832027852535248e-02
2.272058650851249695e-02
2.257061935961246490e-02
2.248047664761543274e-02
2.231736108660697937e-02
2.203839644789695740e-02
2.235035598278045654e-02
2.248997427523136139e-02
2.197500690817832947e-02
2.214604243636131287e-02
2.201578952372074127e-02
2.179495804011821747e-02
2.216586470603942871e-02
2.190880849957466125e-02
2.213345840573310852e-02
2.187931165099143982e-02
2.153836935758590698e-02
2.084219269454479218e-02
2.055020630359649658e-02
2.051171287894248962e-02
2.047402039170265198e-02
2.054171636700630188e-02
2.058664895594120026e-02
2.044149115681648254e-02
2.041847445070743561e-02
2.036710456013679504e-02
