5.718014645390212536e-02
3.365969057194888314e-02
2.538445976097136736e-02
2.131017569918185542e-02
1.808353236410766701e-02
1.587124527432024618e-02
1.447611615294590662e-02
1.343612152850255301e-02
1.269350831862539088e-02
1.263969342689961160e-02
1.165359270526096155e-02
1.122579739894718001e-02
1.113307120976969600e-02
1.079351904336363008e-02
1.080136348027735914e-02
1.048864533659070800e-02
1.050282342475838959e-02
1.073761235456913675e-02
1.090835883514955709e-02
1.024941810755990515e-02
9.955192595953121781e-03
9.745753841707482587e-03
9.709686122369021524e-03
9.646536171203479171e-03
9.492830670205875884e-03
9.391424286877735755e-03
9.403777011903003205e-03
9.335069305961951613e-03
9.402771294116974571e-03
9.361209580674767494e-03
9.491502778837456952e-03
9.378542198101058255e-03
9.484444372355937611e-03
9.340151288779453137e-03
9.118878887966275562e-03
9.016760962549597719e-03
8.928662107791751623e-03
8.761598396813497641e-03
8.807719580363481543e-03
8.881926193134858857e-03
8.877007529372349035e-03
8.910056680906563303e-03
8.993918367195874453e-03
8.940683328546583652e-03
9.243550495011732676e-03
8.987441583303733966e-03
8.877853845478966138e-03
8.857378747779875300e-03
8.686016430146992207e-03
8.475210366304964174e-03
