5.552355945110321045e-02
5.348840728402137756e-02
5.227911472320556641e-02
5.213253200054168701e-02
5.167734995484352112e-02
5.131774023175239563e-02
5.114575475454330444e-02
5.075049772858619690e-02
5.064044520258903503e-02
5.034141242504119873e-02
5.043624714016914368e-02
5.018690600991249084e-02
5.034750327467918396e-02
5.012165009975433350e-02
5.014885216951370239e-02
5.003727227449417114e-02
5.002486705780029297e-02
4.994132742285728455e-02
4.992827773094177246e-02
4.985291510820388794e-02
4.978468641638755798e-02
4.987293854355812073e-02
4.978260397911071777e-02
4.988461360335350037e-02
4.967351630330085754e-02
4.977672174572944641e-02
4.966060817241668701e-02
4.970718920230865479e-02
4.975057020783424377e-02
4.963447153568267822e-02
4.956738650798797607e-02
4.941657930612564087e-02
4.950407892465591431e-02
4.951915517449378967e-02
4.955401271581649780e-02
4.952713102102279663e-02
4.938467964529991150e-02
4.937491938471794128e-02
4.953629523515701294e-02
4.938754439353942871e-02
4.937373474240303040e-02
4.937947541475296021e-02
4.932380840182304382e-02
4.945940524339675903e-02
4.945141822099685669e-02
4.938761144876480103e-02
4.934532940387725830e-02
4.923401772975921631e-02
4.928001388907432556e-02
4.921199008822441101e-02
4.915133863687515259e-02
4.930756613612174988e-02
4.915617778897285461e-02
4.939556866884231567e-02
4.929012432694435120e-02
4.926519468426704407e-02
4.917536303400993347e-02
4.912850260734558105e-02
4.941061884164810181e-02
4.921770840883255005e-02
4.924052953720092773e-02
4.926570877432823181e-02
4.920092970132827759e-02
4.921970516443252563e-02
4.910887777805328369e-02
4.933812469244003296e-02
4.940602555871009827e-02
4.917765781283378601e-02
4.933989793062210083e-02
4.936414584517478943e-02
4.939758777618408203e-02
4.935212060809135437e-02
4.926744103431701660e-02
4.909799620509147644e-02
4.921571537852287292e-02
4.923282191157341003e-02
4.931934922933578491e-02
4.912520945072174072e-02
4.918754845857620239e-02
4.917171970009803772e-02
4.917034506797790527e-02
4.924058914184570312e-02
4.908096417784690857e-02
4.931257292628288269e-02
4.918277636170387268e-02
4.930777475237846375e-02
4.922645539045333862e-02
4.918460175395011902e-02
4.920244216918945312e-02
4.918210953474044800e-02
4.924591630697250366e-02
4.929615184664726257e-02
4.919791221618652344e-02
4.911740124225616455e-02
4.924492910504341125e-02
4.924302920699119568e-02
4.919247701764106750e-02
4.927103593945503235e-02
4.914963617920875549e-02
4.903748631477355957e-02
