3.951617702841758728e-02
2.620632387697696686e-02
2.317592129111289978e-02
1.824339665472507477e-02
1.596780121326446533e-02
1.468404568731784821e-02
1.337367575615644455e-02
1.369022019207477570e-02
1.251836679875850677e-02
1.240158360451459885e-02
1.150429155677556992e-02
1.103081088513135910e-02
1.117267739027738571e-02
1.087099313735961914e-02
1.062558311969041824e-02
1.031643711030483246e-02
1.039098948240280151e-02
1.022463105618953705e-02
1.024810504168272018e-02
9.909434244036674500e-03
9.792933240532875061e-03
9.933635592460632324e-03
9.991814382374286652e-03
9.829165413975715637e-03
1.003317348659038544e-02
9.965267963707447052e-03
9.858218021690845490e-03
9.565507061779499054e-03
9.709365665912628174e-03
1.000736933201551437e-02
9.533385746181011200e-03
9.674256667494773865e-03
9.474955499172210693e-03
9.158644825220108032e-03
9.133118204772472382e-03
9.249098598957061768e-03
9.223157539963722229e-03
8.987444452941417694e-03
9.166341274976730347e-03
9.047004394233226776e-03
9.307294152677059174e-03
8.967174217104911804e-03
9.101418778300285339e-03
9.290973655879497528e-03
8.886909112334251404e-03
9.193044155836105347e-03
9.142205119132995605e-03
9.318609721958637238e-03
9.082695469260215759e-03
8.798340335488319397e-03
8.920103311538696289e-03
9.061194956302642822e-03
9.162730537354946136e-03
9.267491288483142853e-03
9.414041414856910706e-03
8.972762152552604675e-03
9.270070120692253113e-03
9.002475067973136902e-03
9.256117045879364014e-03
8.862657472491264343e-03
8.841714821755886078e-03
9.077781811356544495e-03
9.364346042275428772e-03
8.760800585150718689e-03
9.397432208061218262e-03
8.890825323760509491e-03
9.375480934977531433e-03
9.128956124186515808e-03
9.009617380797863007e-03
9.279568679630756378e-03
9.131280705332756042e-03
9.585919789969921112e-03
9.565827436745166779e-03
9.789617732167243958e-03
9.351259097456932068e-03
9.018451906740665436e-03
8.909230120480060577e-03
9.097469970583915710e-03
8.806091733276844025e-03
8.711414411664009094e-03
8.728789165616035461e-03
8.635185658931732178e-03
8.695805445313453674e-03
8.707972243428230286e-03
8.556528016924858093e-03
8.722117170691490173e-03
8.688872680068016052e-03
8.451391011476516724e-03
8.449162356555461884e-03
8.457260206341743469e-03
8.450982160866260529e-03
8.302907459437847137e-03
8.491699583828449249e-03
8.801305666565895081e-03
8.362154476344585419e-03
8.586496114730834961e-03
8.417034521698951721e-03
8.383889682590961456e-03
8.287882432341575623e-03
8.444532752037048340e-03
