5.312823508866131028e-02
3.123462724033743143e-02
2.498675098177045514e-02
2.040059160208329558e-02
1.692660832777619431e-02
1.613757519517093966e-02
1.494107564212754369e-02
1.352738999994471635e-02
1.325153488432988594e-02
1.249163037282414665e-02
1.226907974341884255e-02
1.174053290742449462e-02
1.141817127354443143e-02
1.126862735254690120e-02
1.099948786431923474e-02
1.081632864079438115e-02
1.064534594770520995e-02
1.048736266675405135e-02
1.048439975711517105e-02
1.026445644092746114e-02
1.004557256237603724e-02
1.023441657889634371e-02
1.016860942472703686e-02
1.031155001837760245e-02
1.006770314997993375e-02
1.020868206978775561e-02
9.965992509387433182e-03
9.842924069380388011e-03
9.819341305410489093e-03
9.918942925287410964e-03
1.000023148953914712e-02
9.857351845130323670e-03
9.654343838337808154e-03
9.521848795702680252e-03
9.277999185724184611e-03
9.396073827520012162e-03
9.355675656115636576e-03
9.200082725146784685e-03
9.107796422904356967e-03
9.224541619187221625e-03
9.135250351391732693e-03
9.172342304373160352e-03
9.167396463453769684e-03
9.227105189347639333e-03
9.078885271446780064e-03
9.088921203510836461e-03
9.070411149878054857e-03
9.042268397752194903e-03
8.990417706081643354e-03
8.796692150644958366e-03
