1.466058407910168226e-01
9.246794274076819420e-02
7.952266801148652475e-02
7.390496465377509316e-02
6.841539177112281045e-02
6.561672920361161232e-02
6.362681905739009380e-02
6.152340658009051999e-02
6.015075761824846545e-02
5.944424299523234229e-02
5.819678148254751882e-02
5.730195338837802688e-02
5.670657539740205089e-02
5.591049608774482926e-02
5.565087827853858193e-02
5.542266583070158681e-02
5.492787002585828443e-02
5.420849646907299757e-02
5.368885081261396547e-02
5.353333610109985152e-02
5.348754890728742162e-02
5.281365858390927454e-02
5.267733084037899693e-02
5.245082825422286987e-02
5.218280204571783265e-02
5.185508588328957558e-02
5.179618378169834753e-02
5.144551408011466265e-02
5.133858411572873870e-02
5.087341407779603919e-02
5.079672520514577627e-02
5.032577083911746879e-02
5.040276122745126347e-02
5.023798001930117330e-02
5.008306596428156038e-02
5.014127232134342471e-02
4.986129854805767397e-02
4.969754819758236131e-02
4.956226125359534940e-02
4.924748144112527093e-02
4.916109479963779588e-02
4.896012663375585994e-02
4.872874913271516700e-02
4.867901965044438978e-02
4.862747057341039458e-02
4.845178490504622321e-02
4.846130236983299533e-02
4.833897724747657915e-02
4.828180000185966492e-02
4.821570981293916980e-02
