1.022932976484298706e-01
8.444626629352569580e-02
7.797253131866455078e-02
7.144381105899810791e-02
6.897006928920745850e-02
6.932530552148818970e-02
6.625063717365264893e-02
6.360857188701629639e-02
6.446291506290435791e-02
5.966094881296157837e-02
5.999311059713363647e-02
6.176646798849105835e-02
5.940128490328788757e-02
6.014335155487060547e-02
6.058719009160995483e-02
6.121941655874252319e-02
6.009430438280105591e-02
5.885220691561698914e-02
5.967015773057937622e-02
5.924379825592041016e-02
5.921574681997299194e-02
5.909779667854309082e-02
5.848318338394165039e-02
5.924702435731887817e-02
5.957466363906860352e-02
6.056552007794380188e-02
5.917986482381820679e-02
5.741996690630912781e-02
5.863838270306587219e-02
5.764234811067581177e-02
5.827093869447708130e-02
5.771579593420028687e-02
5.824699252843856812e-02
5.757517740130424500e-02
5.779051035642623901e-02
5.790541693568229675e-02
5.881234258413314819e-02
5.754115059971809387e-02
5.841609835624694824e-02
5.696649104356765747e-02
5.844695493578910828e-02
5.732551962137222290e-02
5.729620531201362610e-02
5.868309736251831055e-02
5.726648494601249695e-02
5.827692896127700806e-02
5.752834677696228027e-02
5.795503407716751099e-02
5.675457045435905457e-02
5.696860700845718384e-02
