5.165328457951545715e-02
5.059155821800231934e-02
5.087010934948921204e-02
5.070322379469871521e-02
5.031715705990791321e-02
5.045991390943527222e-02
5.031355842947959900e-02
5.030863732099533081e-02
5.018844082951545715e-02
5.008947849273681641e-02
5.002405121922492981e-02
4.988440126180648804e-02
4.996805265545845032e-02
4.985838755965232849e-02
4.979420080780982971e-02
4.977417364716529846e-02
4.955779016017913818e-02
4.957541450858116150e-02
4.968455433845520020e-02
4.957981407642364502e-02
4.947162419557571411e-02
4.949708282947540283e-02
4.964958131313323975e-02
4.952566325664520264e-02
4.959071055054664612e-02
4.950394853949546814e-02
4.951562359929084778e-02
4.936407133936882019e-02
4.976075142621994019e-02
4.963004961609840393e-02
4.961754754185676575e-02
4.964797198772430420e-02
4.950585588812828064e-02
4.935082420706748962e-02
4.950468614697456360e-02
4.941534250974655151e-02
4.930254444479942322e-02
4.933166876435279846e-02
4.942832142114639282e-02
4.942170530557632446e-02
4.946416988968849182e-02
4.957278817892074585e-02
4.941147565841674805e-02
4.948172718286514282e-02
4.939159750938415527e-02
4.952677711844444275e-02
4.959451034665107727e-02
4.957241564989089966e-02
4.946959018707275391e-02
4.945493862032890320e-02
