6.629270315170288086e-02
5.664508417248725891e-02
5.242791026830673218e-02
4.931994527578353882e-02
4.701488837599754333e-02
4.597667604684829712e-02
4.567701369524002075e-02
4.503596574068069458e-02
4.472620040178298950e-02
4.434704780578613281e-02
4.401338845491409302e-02
4.386311024427413940e-02
4.359039291739463806e-02
4.343517869710922241e-02
4.334723949432373047e-02
4.306790232658386230e-02
4.307306930422782898e-02
4.306460171937942505e-02
4.305534437298774719e-02
4.277222231030464172e-02
4.283471778035163879e-02
4.266188666224479675e-02
4.250321909785270691e-02
4.246028140187263489e-02
4.232332855463027954e-02
4.225650057196617126e-02
4.223021119832992554e-02
4.210038483142852783e-02
4.186364635825157166e-02
4.168868064880371094e-02
4.174135252833366394e-02
4.158654063940048218e-02
4.156611487269401550e-02
4.164118319749832153e-02
4.150010645389556885e-02
4.138701036572456360e-02
4.133566468954086304e-02
4.144207388162612915e-02
4.135270044207572937e-02
4.123683646321296692e-02
4.126606136560440063e-02
4.107185453176498413e-02
4.099828004837036133e-02
4.089124873280525208e-02
4.093627259135246277e-02
4.090671986341476440e-02
4.079137369990348816e-02
4.083084315061569214e-02
4.089093953371047974e-02
4.101308435201644897e-02
