5.233004316687583923e-02
5.148381367325782776e-02
5.093173682689666748e-02
5.068169906735420227e-02
5.047041177749633789e-02
5.038346350193023682e-02
5.036908388137817383e-02
5.010445415973663330e-02
5.015160888433456421e-02
5.007912963628768921e-02
4.994660615921020508e-02
4.987457394599914551e-02
4.989362880587577820e-02
4.995233938097953796e-02
4.997271671891212463e-02
4.991164058446884155e-02
4.993972554802894592e-02
4.984622821211814880e-02
4.988999664783477783e-02
4.982913285493850708e-02
4.966587200760841370e-02
4.968825355172157288e-02
4.960583895444869995e-02
4.954078793525695801e-02
4.966961592435836792e-02
4.949164763092994690e-02
4.955659434199333191e-02
4.958656430244445801e-02
4.957999661564826965e-02
4.945447668433189392e-02
4.952255263924598694e-02
4.946378245949745178e-02
4.943159595131874084e-02
4.952930659055709839e-02
4.951454326510429382e-02
4.937422648072242737e-02
4.945207387208938599e-02
4.938694089651107788e-02
4.933223128318786621e-02
4.944188892841339111e-02
4.933597892522811890e-02
4.937873408198356628e-02
4.938781261444091797e-02
4.917621612548828125e-02
4.938372969627380371e-02
4.932928085327148438e-02
4.937114939093589783e-02
4.944013059139251709e-02
4.934819042682647705e-02
4.939039796590805054e-02
