6.545686721801757812e-02
5.687606334686279297e-02
5.213829129934310913e-02
4.932115599513053894e-02
4.799404740333557129e-02
4.666710644960403442e-02
4.609703272581100464e-02
4.524682089686393738e-02
4.508345574140548706e-02
4.467113688588142395e-02
4.462986811995506287e-02
4.415386170148849487e-02
4.387599229812622070e-02
4.401978105306625366e-02
4.383401200175285339e-02
4.388077929615974426e-02
4.357729107141494751e-02
4.373049736022949219e-02
4.371723532676696777e-02
4.358480125665664673e-02
4.327279329299926758e-02
4.323848336935043335e-02
4.299856349825859070e-02
4.307642579078674316e-02
4.283898696303367615e-02
4.254923015832901001e-02
4.221919178962707520e-02
4.242994263768196106e-02
4.247153177857398987e-02
4.243276640772819519e-02
4.232669994235038757e-02
4.207649081945419312e-02
4.214050620794296265e-02
4.208949953317642212e-02
4.196981340646743774e-02
4.191521927714347839e-02
4.181076958775520325e-02
4.168211296200752258e-02
4.152267426252365112e-02
4.141312837600708008e-02
4.148138687014579773e-02
4.141413420438766479e-02
4.147147014737129211e-02
4.129621386528015137e-02
4.126425459980964661e-02
4.118797183036804199e-02
4.114323109388351440e-02
4.128212481737136841e-02
4.108635336160659790e-02
4.112599045038223267e-02
