5.133151262998580933e-02
5.069964751601219177e-02
5.007385089993476868e-02
5.010639876127243042e-02
5.006263777613639832e-02
5.000758171081542969e-02
4.978790134191513062e-02
4.971153289079666138e-02
4.938328638672828674e-02
4.936796799302101135e-02
4.963717982172966003e-02
4.939144849777221680e-02
4.936952888965606689e-02
4.947862774133682251e-02
4.930848628282546997e-02
4.940702766180038452e-02
4.936682060360908508e-02
4.927070811390876770e-02
4.931365698575973511e-02
4.927133396267890930e-02
4.925892129540443420e-02
4.925103858113288879e-02
4.923902079463005066e-02
4.915502294898033142e-02
4.925067722797393799e-02
4.931363463401794434e-02
4.917591810226440430e-02
4.923876002430915833e-02
4.938612505793571472e-02
4.932202398777008057e-02
4.905177280306816101e-02
4.904118180274963379e-02
4.911757633090019226e-02
4.908514395356178284e-02
4.918395727872848511e-02
4.908034577965736389e-02
4.913105443120002747e-02
4.918284714221954346e-02
4.918192699551582336e-02
4.909190535545349121e-02
4.908784106373786926e-02
4.927965253591537476e-02
4.917984828352928162e-02
4.924963414669036865e-02
4.911616817116737366e-02
4.927752166986465454e-02
4.918501526117324829e-02
4.914010316133499146e-02
4.924050718545913696e-02
4.930380359292030334e-02
