1.022932976484298706e-01
8.444626629352569580e-02
7.797253131866455078e-02
7.144381105899810791e-02
6.897006928920745850e-02
6.932530552148818970e-02
6.625063717365264893e-02
6.360857188701629639e-02
6.446291506290435791e-02
5.966094881296157837e-02
5.999311059713363647e-02
6.176646798849105835e-02
5.940128490328788757e-02
6.014335155487060547e-02
6.058719009160995483e-02
6.121941655874252319e-02
6.009430438280105591e-02
5.885220691561698914e-02
5.967015773057937622e-02
5.924379825592041016e-02
5.921574681997299194e-02
5.909779667854309082e-02
5.848318338394165039e-02
5.924702435731887817e-02
5.957466363906860352e-02
6.056552007794380188e-02
5.917986482381820679e-02
5.741996690630912781e-02
5.863838270306587219e-02
5.764234811067581177e-02
5.827093869447708130e-02
5.771579593420028687e-02
5.824699252843856812e-02
5.757517740130424500e-02
5.779051035642623901e-02
5.790541693568229675e-02
5.881234258413314819e-02
5.754115059971809387e-02
5.841609835624694824e-02
5.696649104356765747e-02
5.844695493578910828e-02
5.732551962137222290e-02
5.729620531201362610e-02
5.868309736251831055e-02
5.726648494601249695e-02
5.827692896127700806e-02
5.752834677696228027e-02
5.795503407716751099e-02
5.675457045435905457e-02
5.696860700845718384e-02
5.640817433595657349e-02
5.651366710662841797e-02
5.608547851443290710e-02
5.727148056030273438e-02
5.893205478787422180e-02
5.675628036260604858e-02
5.714713782072067261e-02
5.594529584050178528e-02
5.593664571642875671e-02
5.772970244288444519e-02
5.672148615121841431e-02
5.689655616879463196e-02
5.622316524386405945e-02
5.548061057925224304e-02
5.744829028844833374e-02
5.662211775779724121e-02
5.746611207723617554e-02
5.579354614019393921e-02
5.557947233319282532e-02
5.626001209020614624e-02
5.680810287594795227e-02
5.735976621508598328e-02
5.757726356387138367e-02
5.801925808191299438e-02
5.753367394208908081e-02
5.747351050376892090e-02
5.697204917669296265e-02
5.777275562286376953e-02
5.610145255923271179e-02
5.600459501147270203e-02
5.718332529067993164e-02
5.598789453506469727e-02
5.639446526765823364e-02
5.602025985717773438e-02
5.715769529342651367e-02
5.579453706741333008e-02
5.625960975885391235e-02
5.667746812105178833e-02
5.684152990579605103e-02
5.601317808032035828e-02
5.680945515632629395e-02
5.581672862172126770e-02
5.665906518697738647e-02
5.545734241604804993e-02
5.592795461416244507e-02
5.641625076532363892e-02
5.525455996394157410e-02
5.648210644721984863e-02
5.565723031759262085e-02
5.669015645980834961e-02
