4.242381453514099121e-02
3.349327296018600464e-02
2.976906858384609222e-02
2.739199623465538025e-02
2.645521983504295349e-02
2.600034140050411224e-02
2.609590254724025726e-02
2.491727098822593689e-02
2.477644011378288269e-02
2.470069192349910736e-02
2.470158040523529053e-02
2.424768730998039246e-02
2.449810877442359924e-02
2.472136169672012329e-02
2.446348406374454498e-02
2.474205009639263153e-02
2.468584477901458740e-02
2.512708678841590881e-02
2.479895949363708496e-02
2.499964460730552673e-02
2.486011758446693420e-02
2.457701601088047028e-02
2.440669201314449310e-02
2.423893846571445465e-02
2.428096905350685120e-02
2.400900982320308685e-02
2.351596951484680176e-02
2.361983433365821838e-02
2.407296374440193176e-02
2.364273928105831146e-02
2.387752011418342590e-02
2.321944013237953186e-02
2.343988046050071716e-02
2.337489649653434753e-02
2.280683256685733795e-02
2.324244752526283264e-02
2.330378815531730652e-02
2.306803129613399506e-02
2.275260910391807556e-02
2.249553427100181580e-02
2.249631285667419434e-02
2.257484570145606995e-02
2.274936065077781677e-02
2.232516184449195862e-02
2.234806120395660400e-02
2.229734137654304504e-02
2.209430560469627380e-02
2.218932285904884338e-02
2.212091535329818726e-02
2.208926156163215637e-02
