3.175013139843940735e-02
2.152942121028900146e-02
1.876692846417427063e-02
1.705566607415676117e-02
1.628565974533557892e-02
1.612267270684242249e-02
1.561397872865200043e-02
1.609614863991737366e-02
1.575753651559352875e-02
1.537719089537858963e-02
1.489791553467512131e-02
1.508921105414628983e-02
1.454008556902408600e-02
1.417233515530824661e-02
1.430767029523849487e-02
1.546190492808818817e-02
1.479375921189785004e-02
1.434415578842163086e-02
1.480541843920946121e-02
1.513135153800249100e-02
1.479227282106876373e-02
1.504221558570861816e-02
1.461630500853061676e-02
1.466096751391887665e-02
1.489888131618499756e-02
1.441877521574497223e-02
1.434067636728286743e-02
1.437368988990783691e-02
1.410153508186340332e-02
1.431172061711549759e-02
1.352813094854354858e-02
1.352237910032272339e-02
1.370876468718051910e-02
1.383172534406185150e-02
1.373896002769470215e-02
1.320764701813459396e-02
1.389514468610286713e-02
1.345833949744701385e-02
1.306033693253993988e-02
1.332476176321506500e-02
1.305033266544342041e-02
1.301895547658205032e-02
1.293813996016979218e-02
1.274636201560497284e-02
1.280921883881092072e-02
1.303901337087154388e-02
1.288425642997026443e-02
1.307348627597093582e-02
1.310610491782426834e-02
1.292437594383955002e-02
