2.001930447295308113e-01
1.487631821073591709e-01
1.336965370923280660e-01
1.269053228199482075e-01
1.214214527048170511e-01
1.171339594759047004e-01
1.138426021672785254e-01
1.134793947450816604e-01
1.117203953675925676e-01
1.094420477747917175e-01
1.084382729604840279e-01
1.077544964849948828e-01
1.066737850196659565e-01
1.056282431818544865e-01
1.053611745126545457e-01
1.049564657732844353e-01
1.041843121871352251e-01
1.041875883936882047e-01
1.042008024640381364e-01
1.035062034614384202e-01
1.032034896314144162e-01
1.026364703662693556e-01
1.022913732565939454e-01
1.020065654069185201e-01
1.018300612457096604e-01
1.016881992109119892e-01
1.014154964126646463e-01
1.010997946374118384e-01
1.008158624172210693e-01
1.006220161914825467e-01
1.005376727320253794e-01
1.002620332874357700e-01
9.984172275289893150e-02
9.977856492623686513e-02
9.943483443930745125e-02
9.929303089156746309e-02
9.922851994633674622e-02
9.915119195356965343e-02
9.906365685164927881e-02
9.892529733479023257e-02
9.859397532418370802e-02
9.849667064845561704e-02
9.838240565732121745e-02
9.823321327567099970e-02
9.812792893499136526e-02
9.796251980587840358e-02
9.772275052964687903e-02
9.778868248686194142e-02
9.770840601995586794e-02
9.746799375861883719e-02
