4.108426719903945923e-02
3.330857306718826294e-02
2.866354584693908691e-02
2.816880121827125549e-02
2.477120049297809601e-02
2.448064647614955902e-02
2.494970336556434631e-02
2.460364997386932373e-02
2.450706996023654938e-02
2.454209700226783752e-02
2.395208179950714111e-02
2.395616844296455383e-02
2.374682761728763580e-02
2.408804744482040405e-02
2.382104285061359406e-02
2.356746420264244080e-02
2.352377399802207947e-02
2.353737317025661469e-02
2.379603497684001923e-02
2.353433892130851746e-02
2.381250262260437012e-02
2.364489436149597168e-02
2.332058176398277283e-02
2.371653169393539429e-02
2.350139245390892029e-02
2.367636188864707947e-02
2.341185137629508972e-02
2.333893626928329468e-02
2.279805205762386322e-02
2.254882082343101501e-02
2.279081940650939941e-02
2.252587676048278809e-02
2.236409485340118408e-02
2.249998413026332855e-02
2.208359912037849426e-02
2.206735126674175262e-02
2.208794280886650085e-02
2.233698591589927673e-02
2.231933549046516418e-02
2.221362479031085968e-02
2.213087491691112518e-02
2.217647433280944824e-02
2.197057008743286133e-02
2.195022627711296082e-02
2.210638858377933502e-02
2.222506329417228699e-02
2.197933197021484375e-02
2.203228138387203217e-02
2.222283370792865753e-02
2.257648669183254242e-02
