3.951617702841758728e-02
2.620632387697696686e-02
2.317592129111289978e-02
1.824339665472507477e-02
1.596780121326446533e-02
1.468404568731784821e-02
1.337367575615644455e-02
1.369022019207477570e-02
1.251836679875850677e-02
1.240158360451459885e-02
1.150429155677556992e-02
1.103081088513135910e-02
1.117267739027738571e-02
1.087099313735961914e-02
1.062558311969041824e-02
1.031643711030483246e-02
1.039098948240280151e-02
1.022463105618953705e-02
1.024810504168272018e-02
9.909434244036674500e-03
9.792933240532875061e-03
9.933635592460632324e-03
9.991814382374286652e-03
9.829165413975715637e-03
1.003317348659038544e-02
9.965267963707447052e-03
9.858218021690845490e-03
9.565507061779499054e-03
9.709365665912628174e-03
1.000736933201551437e-02
9.533385746181011200e-03
9.674256667494773865e-03
9.474955499172210693e-03
9.158644825220108032e-03
9.133118204772472382e-03
9.249098598957061768e-03
9.223157539963722229e-03
8.987444452941417694e-03
9.166341274976730347e-03
9.047004394233226776e-03
9.307294152677059174e-03
8.967174217104911804e-03
9.101418778300285339e-03
9.290973655879497528e-03
8.886909112334251404e-03
9.193044155836105347e-03
9.142205119132995605e-03
9.318609721958637238e-03
9.082695469260215759e-03
8.798340335488319397e-03
