7.108483463525772095e-02
5.775737017393112183e-02
5.444998666644096375e-02
5.136827379465103149e-02
4.833019524812698364e-02
4.712108150124549866e-02
4.532080143690109253e-02
4.414566233754158020e-02
4.386391490697860718e-02
4.321452975273132324e-02
4.217006638646125793e-02
4.196045920252799988e-02
4.138123989105224609e-02
4.111168533563613892e-02
4.048696160316467285e-02
4.076046496629714966e-02
4.022274166345596313e-02
3.958638384938240051e-02
3.944459930062294006e-02
3.962630778551101685e-02
3.911098837852478027e-02
3.928818926215171814e-02
3.897058218717575073e-02
3.888657689094543457e-02
3.895250707864761353e-02
3.856612741947174072e-02
3.841197118163108826e-02
3.840792179107666016e-02
3.818980604410171509e-02
3.804389759898185730e-02
3.770396858453750610e-02
3.755220770835876465e-02
3.756661340594291687e-02
3.736487776041030884e-02
3.740186244249343872e-02
3.720216825604438782e-02
3.718755766749382019e-02
3.696223348379135132e-02
3.688663989305496216e-02
3.677709773182868958e-02
3.684005141258239746e-02
3.659893572330474854e-02
3.659084439277648926e-02
3.654770553112030029e-02
3.654845803976058960e-02
3.649120405316352844e-02
3.638654202222824097e-02
3.661060705780982971e-02
3.648813068866729736e-02
3.665787726640701294e-02
