5.171950906515121460e-02
5.079839006066322327e-02
5.098126456141471863e-02
5.070021376013755798e-02
5.029186978936195374e-02
5.032954365015029907e-02
5.022068321704864502e-02
5.023613944649696350e-02
4.997722432017326355e-02
4.993088915944099426e-02
4.979491978883743286e-02
4.978531226515769958e-02
4.971020668745040894e-02
4.970910027623176575e-02
4.962535202503204346e-02
4.962241277098655701e-02
4.953324422240257263e-02
4.952622577548027039e-02
4.944847896695137024e-02
4.949049651622772217e-02
4.954424872994422913e-02
4.957161098718643188e-02
4.950978234410285950e-02
4.955499619245529175e-02
4.950630664825439453e-02
4.949497431516647339e-02
4.952601343393325806e-02
4.947387054562568665e-02
4.942940175533294678e-02
4.939600080251693726e-02
4.947291314601898193e-02
4.938730224967002869e-02
4.941046237945556641e-02
4.939670115709304810e-02
4.930549487471580505e-02
4.928171634674072266e-02
4.942246899008750916e-02
4.932374134659767151e-02
4.916139692068099976e-02
4.929964989423751831e-02
4.932546243071556091e-02
4.931076988577842712e-02
4.939882829785346985e-02
4.929504171013832092e-02
4.921958222985267639e-02
4.924484342336654663e-02
4.923167452216148376e-02
4.921257123351097107e-02
4.921412095427513123e-02
4.916238039731979370e-02
