1.008278781920671552e+00
7.094291828572749647e-01
6.421351037919521554e-01
6.022585675120353255e-01
5.745322719216346963e-01
5.592714112251997438e-01
5.497130811214446799e-01
5.426952015608549340e-01
5.358807474374771562e-01
5.318474955856800079e-01
5.284833785146474394e-01
5.232643082737922224e-01
5.199559651315212028e-01
5.182333800941705260e-01
5.143752321600914001e-01
5.142470326274632964e-01
5.103488538414240328e-01
5.088025595992803352e-01
5.066771015524864641e-01
5.047397360205649886e-01
5.025728590786456840e-01
5.013126365840434584e-01
4.995702274143695720e-01
4.982737358659505844e-01
4.963054310530424229e-01
4.945964768528938182e-01
4.926937669515609741e-01
4.903046760708093532e-01
4.893351543694734462e-01
4.884296182543039211e-01
4.871509656310081260e-01
4.858729295432567818e-01
4.841158129274845123e-01
4.830841451883315929e-01
4.820990819483995660e-01
4.810285810381174088e-01
4.800197072327136993e-01
4.793855074793100246e-01
4.788228165358304755e-01
4.770906634628772625e-01
4.762702662497758643e-01
4.750313997268676980e-01
4.749738253653049691e-01
4.739549763500690571e-01
4.727695338428020699e-01
4.723461072891950718e-01
4.717828433960676304e-01
4.714475173503160366e-01
4.705568697303533776e-01
4.702200144529342651e-01
