1.496192054450511844e+00
1.184695843607187271e+00
1.109410236775875136e+00
1.061620512604713351e+00
1.032535221427679062e+00
1.009034989774227231e+00
9.943291686475277391e-01
9.844611264765262826e-01
9.771025657653809038e-01
9.724867023527622445e-01
9.665644548833369765e-01
9.621401481330394967e-01
9.594288378953933494e-01
9.578957460820675118e-01
9.547168098390101942e-01
9.528337739408015983e-01
9.500751815736293571e-01
9.478788308799266371e-01
9.450500212609768136e-01
9.429085433483124223e-01
9.423347912728786691e-01
9.415361665189265761e-01
9.393186621367931588e-01
9.378141127526760101e-01
9.361776299774646759e-01
9.342608250677585380e-01
9.334490813314915147e-01
9.327268265187740326e-01
9.313749931752681732e-01
9.296885125339031664e-01
9.279588237404823303e-01
9.272848978638649209e-01
9.257139995694160239e-01
9.242371723055839983e-01
9.231625460088253021e-01
9.217977650463581307e-01
9.203449569642543349e-01
9.199748843908309714e-01
9.192666091024875863e-01
9.183288402855396271e-01
9.176661908626556619e-01
9.174554139375686868e-01
9.165045037865638955e-01
9.163675844669342263e-01
9.149125620722771135e-01
9.148495152592659441e-01
9.143750488758086714e-01
9.131776906549931017e-01
9.130262963473796400e-01
9.123835794627666029e-01
