3.285303711891174316e-02
2.751955948770046234e-02
2.187250182032585144e-02
1.835803687572479248e-02
1.617851294577121735e-02
1.537193078547716141e-02
1.517564523965120316e-02
1.533671654760837555e-02
1.547156739979982376e-02
1.436829566955566406e-02
1.485068537294864655e-02
1.418166421353816986e-02
1.410878263413906097e-02
1.377998851239681244e-02
1.390088163316249847e-02
1.374169252812862396e-02
1.356433331966400146e-02
1.408196520060300827e-02
1.413232367485761642e-02
1.353513728827238083e-02
1.390394009649753571e-02
1.398398913443088531e-02
1.391944009810686111e-02
1.431207079440355301e-02
1.410801429301500320e-02
1.427931152284145355e-02
1.448094565421342850e-02
1.460534054785966873e-02
1.426533609628677368e-02
1.441842038184404373e-02
1.436374615877866745e-02
1.430805958807468414e-02
1.371515076607465744e-02
1.382247824221849442e-02
1.391614507883787155e-02
1.374372560530900955e-02
1.376565080136060715e-02
1.353282015770673752e-02
1.358685176819562912e-02
1.349990069866180420e-02
1.322411186993122101e-02
1.365181803703308105e-02
1.319479756057262421e-02
1.329513359814882278e-02
1.315784174948930740e-02
1.311810594052076340e-02
1.319148391485214233e-02
1.324284262955188751e-02
1.308374106884002686e-02
1.304067950695753098e-02
