7.079745829105377197e-02
6.123874336481094360e-02
5.776906013488769531e-02
5.151756480336189270e-02
4.922170192003250122e-02
4.764837771654129028e-02
4.565980657935142517e-02
4.515553265810012817e-02
4.391611367464065552e-02
4.302169755101203918e-02
4.241967946290969849e-02
4.176067560911178589e-02
4.123076424002647400e-02
4.079576581716537476e-02
4.046157747507095337e-02
4.029455780982971191e-02
4.052368551492691040e-02
4.032668471336364746e-02
3.996060788631439209e-02
3.950634226202964783e-02
3.938778489828109741e-02
3.950791433453559875e-02
3.905402868986129761e-02
3.910572081804275513e-02
3.885282948613166809e-02
3.887693956494331360e-02
3.893010318279266357e-02
3.882477432489395142e-02
3.838781267404556274e-02
3.828578069806098938e-02
3.818812966346740723e-02
3.803291171789169312e-02
3.763355314731597900e-02
3.759746998548507690e-02
3.760298341512680054e-02
3.766451030969619751e-02
3.727453947067260742e-02
3.712197393178939819e-02
3.711423650383949280e-02
3.716305643320083618e-02
3.682189434766769409e-02
3.666308522224426270e-02
3.670825436711311340e-02
3.659575805068016052e-02
3.632255643606185913e-02
3.650214895606040955e-02
3.620200604200363159e-02
3.631838411092758179e-02
3.621581941843032837e-02
3.612082451581954956e-02
