6.782049676403403837e-02
4.031699728220701495e-02
3.072058786638081143e-02
2.557333596050739150e-02
2.274488008115440468e-02
2.053399391006678273e-02
1.965764639899134775e-02
1.886806820984929939e-02
1.817510073306038976e-02
1.731464823242277046e-02
1.673438181169330935e-02
1.673315927619114379e-02
1.638003177940845420e-02
1.609761153813451390e-02
1.582252101507037809e-02
1.578443545149639179e-02
1.563769370550289681e-02
1.536930551519617369e-02
1.543701761402189662e-02
1.514081228524446522e-02
1.508631694596260751e-02
1.481221936410292983e-02
1.472713712137192418e-02
1.464495236286893556e-02
1.465449350653216277e-02
1.437817105324938963e-02
1.430729492567479541e-02
1.427978274878114427e-02
1.431415037950500846e-02
1.444123819237574935e-02
1.400062340544536675e-02
1.388273627962917020e-02
1.402464224956929614e-02
1.378878109389916097e-02
1.366545495111495291e-02
1.382384919561445782e-02
1.367936984170228278e-02
1.370990131981670787e-02
1.363720026565715636e-02
1.409930392401292920e-02
1.383205250604078139e-02
1.375414400827139685e-02
1.347983384039252996e-02
1.352667337050661445e-02
1.372748598223552143e-02
