3.888298198580741882e-02
2.432391420006752014e-02
1.963282562792301178e-02
1.901190914213657379e-02
1.775706000626087189e-02
1.502735912799835205e-02
1.453874725848436356e-02
1.484321337193250656e-02
1.283360458910465240e-02
1.246921718120574951e-02
1.257523894309997559e-02
1.336789317429065704e-02
1.162108965218067169e-02
1.199939195066690445e-02
1.188830286264419556e-02
1.080711744725704193e-02
1.118693687021732330e-02
1.060295011848211288e-02
1.102326158434152603e-02
1.070745009928941727e-02
1.036430615931749344e-02
1.004165224730968475e-02
1.007989887148141861e-02
1.016228646039962769e-02
1.010641176253557205e-02
9.918700903654098511e-03
9.411884471774101257e-03
9.445129893720149994e-03
9.482627734541893005e-03
9.522698819637298584e-03
9.200875647366046906e-03
9.195601567625999451e-03
9.149484336376190186e-03
9.224712848663330078e-03
9.320987388491630554e-03
9.340630844235420227e-03
9.303477592766284943e-03
9.196432307362556458e-03
9.111550636589527130e-03
9.388244710862636566e-03
9.853405877947807312e-03
9.797411970794200897e-03
9.048891253769397736e-03
9.087599813938140869e-03
9.586947038769721985e-03
