5.803341791033744812e-02 1.272925734519958496e-01 1.785195022821426392e-01
3.838163614273071289e-02 1.452042609453201294e-01 4.319858551025390625e-02
9.056345373392105103e-02 1.600710898637771606e-01 -6.595324724912643433e-02
1.674119532108306885e-01 1.423931568861007690e-01 -1.550719887018203735e-01
1.831990927457809448e-01 1.191300973296165466e-01 -2.498973160982131958e-01
1.515732109546661377e-01 1.284863352775573730e-01 -3.452220857143402100e-01
1.132745891809463501e-01 1.384032964706420898e-01 -4.409038424491882324e-01
4.136829823255538940e-02 1.173268258571624756e-01 -5.252372622489929199e-01
-3.807521611452102661e-02 1.066608130931854248e-01 -6.048859953880310059e-01
-1.510181725025177002e-01 8.156277239322662354e-02 -6.030768752098083496e-01
-2.807140052318572998e-01 4.256504401564598083e-02 -4.879515767097473145e-01
-3.255337178707122803e-01 2.147298119962215424e-02 -3.693072795867919922e-01
-3.398287892341613770e-01 -5.113703664392232895e-03 -2.779860198497772217e-01
-3.396552801132202148e-01 -3.813549876213073730e-02 -1.860804706811904907e-01
-3.132279813289642334e-01 -9.331113845109939575e-02 -7.305043190717697144e-02
-3.117382228374481201e-01 -1.654698401689529419e-01 3.211443545296788216e-03
-3.302868604660034180e-01 -2.860568165779113770e-01 2.319359034299850464e-02
-3.423979580402374268e-01 -3.487277626991271973e-01 -4.005158320069313049e-02
-3.241541981697082520e-01 -3.239070177078247070e-01 -1.310224980115890503e-01
-3.074511289596557617e-01 -2.755442261695861816e-01 -2.177820056676864624e-01
-3.053956329822540283e-01 -2.859867215156555176e-01 -3.165525197982788086e-01
-3.140777051448822021e-01 -2.949334084987640381e-01 -4.138987064361572266e-01
-3.266330361366271973e-01 -2.431028634309768677e-01 -5.012270808219909668e-01
-2.684556245803833008e-01 -1.544775515794754028e-01 -5.622116327285766602e-01
-1.575122773647308350e-01 -8.990032225847244263e-02 -6.424263119697570801e-01
-4.533635452389717102e-02 -4.089326038956642151e-02 -7.305464148521423340e-01
3.549057617783546448e-02 -3.628145530819892883e-02 -7.879837751388549805e-01
8.053283393383026123e-02 -1.228298097848892212e-01 -8.029631376266479492e-01
6.934125721454620361e-02 -2.498608082532882690e-01 -8.089683055877685547e-01
1.637107320129871368e-02 -3.493332266807556152e-01 -8.286607861518859863e-01
-7.242424041032791138e-02 -4.085571467876434326e-01 -8.439542055130004883e-01
-1.952346563339233398e-01 -4.181804656982421875e-01 -8.256340026855468750e-01
-2.582274377346038818e-01 -3.920426070690155029e-01 -7.684792280197143555e-01
-2.874290347099304199e-01 -3.053949475288391113e-01 -7.539701461791992188e-01
-3.005841672420501709e-01 -2.072825282812118530e-01 -7.053596377372741699e-01
-3.180372118949890137e-01 -8.976586908102035522e-02 -7.100232839584350586e-01
-3.371435105800628662e-01 3.021125681698322296e-02 -7.983092665672302246e-01
-4.120146930217742920e-01 7.861539721488952637e-02 -8.374100327491760254e-01
-5.464736819267272949e-01 9.826007485389709473e-02 -8.376228213310241699e-01
-5.905027985572814941e-01 1.543657332658767700e-01 -7.407174110412597656e-01
-6.849895119667053223e-01 1.609138399362564087e-01 -6.715704202651977539e-01
-7.466600537300109863e-01 2.027564048767089844e-01 -5.474139451980590820e-01
-7.590936422348022461e-01 2.173733860254287720e-01 -4.534459710121154785e-01
-7.156183719635009766e-01 2.491200417280197144e-01 -3.710010349750518799e-01
-6.368166804313659668e-01 2.777831852436065674e-01 -3.184981644153594971e-01
-5.222476124763488770e-01 3.182468414306640625e-01 -2.798129916191101074e-01
-4.699096679687500000e-01 4.001830816268920898e-01 -2.478561848402023315e-01
-4.837386310100555420e-01 5.008956193923950195e-01 -1.998690366744995117e-01
-5.379835367202758789e-01 5.890871882438659668e-01 -1.624203026294708252e-01
-6.250455975532531738e-01 6.541954278945922852e-01 -7.862111926078796387e-02
-6.724596023559570312e-01 6.506744623184204102e-01 1.774281077086925507e-02
-6.473383903503417969e-01 6.302790641784667969e-01 1.123546659946441650e-01
-5.457627177238464355e-01 6.206339001655578613e-01 1.375406384468078613e-01
-4.928710758686065674e-01 5.527670979499816895e-01 1.103649660944938660e-01
-5.833439826965332031e-01 4.680823683738708496e-01 1.002720370888710022e-01
-7.018734216690063477e-01 4.403437376022338867e-01 8.569493889808654785e-02
-7.965372204780578613e-01 3.986784815788269043e-01 9.870111197233200073e-02
-8.616544604301452637e-01 3.001359403133392334e-01 1.554991304874420166e-01
-8.922133445739746094e-01 2.013526111841201782e-01 1.934411525726318359e-01
-8.988063335418701172e-01 1.205665469169616699e-01 2.667478024959564209e-01
-8.380120396614074707e-01 8.695904910564422607e-02 3.614970445632934570e-01
-7.332124114036560059e-01 1.190708279609680176e-01 3.634504675865173340e-01
-6.617715358734130859e-01 2.151241153478622437e-01 3.895929157733917236e-01
-5.749480724334716797e-01 3.371803760528564453e-01 3.771308362483978271e-01
-5.334961414337158203e-01 4.802322089672088623e-01 3.673235177993774414e-01
-4.862670898437500000e-01 5.533190369606018066e-01 3.890301883220672607e-01
-4.120588898658752441e-01 5.605238676071166992e-01 4.421683251857757568e-01
-2.769130170345306396e-01 5.619719028472900391e-01 4.570442736148834229e-01
-1.950441896915435791e-01 4.818801283836364746e-01 4.785201251506805420e-01
-1.520264148712158203e-01 3.804528415203094482e-01 5.077571868896484375e-01
-1.204703524708747864e-01 2.740958929061889648e-01 5.163125991821289062e-01
-6.136379390954971313e-02 2.141280174255371094e-01 4.840146899223327637e-01
-6.328835338354110718e-02 1.481625139713287354e-01 4.073372483253479004e-01
-8.213552832603454590e-02 5.853300914168357849e-02 3.116940855979919434e-01
-1.542062312364578247e-01 -8.187374100089073181e-03 2.253865897655487061e-01
-2.270496487617492676e-01 -4.074032884091138840e-03 1.327438801527023315e-01
-3.402391374111175537e-01 1.516811456531286240e-02 9.103672951459884644e-02
-4.691384136676788330e-01 1.244833506643772125e-02 9.658239036798477173e-02
-5.343384146690368652e-01 -2.626377863634843379e-05 1.679984480142593384e-01
-5.618955492973327637e-01 -2.237642183899879456e-02 2.785402238368988037e-01
-4.824476838111877441e-01 -2.432675845921039581e-02 3.806579709053039551e-01
-3.743090331554412842e-01 -2.900050394237041473e-02 4.432701468467712402e-01
-2.619376480579376221e-01 -6.210500746965408325e-02 4.728195071220397949e-01
-2.014352977275848389e-01 -1.454517841339111328e-01 5.079705119132995605e-01
-1.608756035566329956e-01 -2.683051228523254395e-01 5.808135271072387695e-01
-1.022287830710411072e-01 -3.376516103744506836e-01 6.255460381507873535e-01
8.143840357661247253e-03 -3.544079661369323730e-01 6.749002933502197266e-01
1.110929325222969055e-01 -3.860934972763061523e-01 6.880847215652465820e-01
1.915425509214401245e-01 -4.508755505084991455e-01 6.675752997398376465e-01
2.067713588476181030e-01 -5.399953126907348633e-01 5.903527736663818359e-01
1.833407282829284668e-01 -6.772713661193847656e-01 5.413011908531188965e-01
2.038425505161285400e-01 -7.564585208892822266e-01 4.531403183937072754e-01
2.196737229824066162e-01 -8.434610962867736816e-01 3.849349915981292725e-01
1.541482955217361450e-01 -9.168175458908081055e-01 3.267709910869598389e-01
3.496886044740676880e-02 -9.899492263793945312e-01 3.022881448268890381e-01
-3.467234969139099121e-02 -1.006240367889404297e+00 1.675964444875717163e-01
3.245767951011657715e-02 -9.908230900764465332e-01 1.206322945654392242e-02
1.347471624612808228e-01 -9.626697301864624023e-01 -2.617774158716201782e-02
2.410313338041305542e-01 -8.794718384742736816e-01 -5.255089700222015381e-02
2.828515172004699707e-01 -7.991166114807128906e-01 -1.035334616899490356e-01
2.852473258972167969e-01 -6.955751180648803711e-01 -6.864335387945175171e-02
2.314023375511169434e-01 -6.781213283538818359e-01 1.593321934342384338e-02
1.580256521701812744e-01 -6.831144690513610840e-01 1.189770251512527466e-01
8.455703966319561005e-03 -6.883143186569213867e-01 1.455220282077789307e-01
-1.419413387775421143e-01 -6.905394792556762695e-01 1.016597002744674683e-01
-2.454261481761932373e-01 -6.862879991531372070e-01 4.973864927887916565e-02
-3.329473733901977539e-01 -7.218453288078308105e-01 4.036502167582511902e-02
-3.647215366363525391e-01 -7.774326801300048828e-01 1.122770681977272034e-01
-3.363686800003051758e-01 -8.300566673278808594e-01 2.525189518928527832e-01
-3.101020157337188721e-01 -8.136311173439025879e-01 3.938613533973693848e-01
-3.059621453285217285e-01 -7.446494698524475098e-01 4.916276335716247559e-01
-2.388586550951004028e-01 -6.871181130409240723e-01 5.842441320419311523e-01
-1.051943153142929077e-01 -6.670371890068054199e-01 6.225688457489013672e-01
-3.503027558326721191e-02 -6.950002908706665039e-01 5.735884308815002441e-01
-4.425969440490007401e-03 -7.416960597038269043e-01 4.580958485603332520e-01
1.446350128389894962e-03 -8.118537068367004395e-01 3.150470554828643799e-01
2.360418438911437988e-02 -8.560476899147033691e-01 2.100922316312789917e-01
-1.478349510580301285e-02 -8.482421040534973145e-01 4.351298138499259949e-02
-3.952456638216972351e-02 -8.139911890029907227e-01 -9.099002927541732788e-02
-5.777223780751228333e-02 -7.754104137420654297e-01 -2.373667955398559570e-01
-5.784028396010398865e-02 -7.865239381790161133e-01 -3.107073605060577393e-01
-2.729803137481212616e-02 -7.789928317070007324e-01 -3.783288300037384033e-01
8.990652114152908325e-02 -7.946299314498901367e-01 -3.793723583221435547e-01
1.537561863660812378e-01 -7.119325399398803711e-01 -3.591140210628509521e-01
1.490192115306854248e-01 -6.200917363166809082e-01 -3.421031832695007324e-01
1.757460087537765503e-01 -5.130695104598999023e-01 -3.255197107791900635e-01
1.790689527988433838e-01 -4.142041802406311035e-01 -3.084041774272918701e-01
1.483972817659378052e-01 -3.281560242176055908e-01 -2.169902324676513672e-01
1.556295454502105713e-01 -2.930608093738555908e-01 -9.713089466094970703e-02
1.620975285768508911e-01 -2.730536162853240967e-01 5.368319153785705566e-02
1.638882160186767578e-01 -2.004235833883285522e-01 1.742696613073348999e-01
2.461461275815963745e-01 -1.245220452547073364e-01 2.610889077186584473e-01
3.362352848052978516e-01 -1.390559673309326172e-01 3.222170472145080566e-01
4.261266887187957764e-01 -2.365505546331405640e-01 3.473826646804809570e-01
4.850549995899200439e-01 -3.547027111053466797e-01 3.027222454547882080e-01
4.888845086097717285e-01 -4.636322855949401855e-01 2.983132302761077881e-01
4.973401129245758057e-01 -5.953164100646972656e-01 2.785835564136505127e-01
5.188688039779663086e-01 -6.565690636634826660e-01 2.108397185802459717e-01
5.482007861137390137e-01 -6.344292759895324707e-01 1.090615019202232361e-01
5.243150591850280762e-01 -5.456441640853881836e-01 4.363816231489181519e-02
4.431359171867370605e-01 -4.596749842166900635e-01 -1.743241958320140839e-02
3.875919580459594727e-01 -3.550886213779449463e-01 -1.638177223503589630e-02
3.790776729583740234e-01 -2.271199226379394531e-01 8.516063826391473413e-05
4.173564016819000244e-01 -1.346550285816192627e-01 -3.073523752391338348e-02
5.073446035385131836e-01 -1.285724937915802002e-01 -1.456814110279083252e-01
5.682629942893981934e-01 -6.555750966072082520e-02 -1.998269408941268921e-01
6.425752639770507812e-01 3.458098322153091431e-02 -2.020465731620788574e-01
6.871837377548217773e-01 1.284790039062500000e-01 -1.281444281339645386e-01
7.404363155364990234e-01 2.020394057035446167e-01 -2.669904939830303192e-02
7.253100872039794922e-01 2.359635084867477417e-01 9.099936485290527344e-02
6.750116944313049316e-01 2.001859992742538452e-01 1.631267815828323364e-01
6.467422246932983398e-01 8.601054549217224121e-02 1.996597200632095337e-01
6.575571894645690918e-01 -2.472350560128688812e-02 2.249420583248138428e-01
6.806291341781616211e-01 -1.254903078079223633e-01 1.649966686964035034e-01
7.191153168678283691e-01 -1.800728887319564819e-01 3.929614275693893433e-02
7.140300869941711426e-01 -1.830738037824630737e-01 -8.604389429092407227e-02
6.881358027458190918e-01 -1.770503073930740356e-01 -2.090911567211151123e-01
6.407319903373718262e-01 -1.560690253973007202e-01 -3.489647805690765381e-01
5.851230621337890625e-01 -9.751906245946884155e-02 -4.167378246784210205e-01
6.021255850791931152e-01 1.517112087458372116e-02 -4.355973601341247559e-01
6.031385660171508789e-01 1.399870067834854126e-01 -4.068965613842010498e-01
5.635235309600830078e-01 2.444336861371994019e-01 -3.571801781654357910e-01
5.347172617912292480e-01 3.752270042896270752e-01 -3.971579968929290771e-01
5.118174552917480469e-01 4.915433824062347412e-01 -3.712528049945831299e-01
4.554130434989929199e-01 5.848850011825561523e-01 -3.211475610733032227e-01
4.411230683326721191e-01 6.744893193244934082e-01 -2.503084838390350342e-01
4.012303948402404785e-01 7.643601298332214355e-01 -2.207360416650772095e-01
3.878305554389953613e-01 8.656277060508728027e-01 -1.455444097518920898e-01
4.061306715011596680e-01 9.525703787803649902e-01 -1.116510033607482910e-01
4.694807231426239014e-01 9.767126441001892090e-01 -2.343836799263954163e-02
5.050002336502075195e-01 1.007927775382995605e+00 1.816655695438385010e-02
5.172239542007446289e-01 9.566293954849243164e-01 1.575874537229537964e-01
5.361706018447875977e-01 9.027853012084960938e-01 1.735424399375915527e-01
5.905683636665344238e-01 8.369410634040832520e-01 2.587508857250213623e-01
5.955219268798828125e-01 7.563628554344177246e-01 2.812020182609558105e-01
5.462446808815002441e-01 6.223787069320678711e-01 3.472741842269897461e-01
4.939002394676208496e-01 4.937633275985717773e-01 3.698284626007080078e-01
4.721905589103698730e-01 4.000516533851623535e-01 3.204516470432281494e-01
4.358693659305572510e-01 3.465923666954040527e-01 2.324551939964294434e-01
4.016945958137512207e-01 3.918636739253997803e-01 1.232137382030487061e-01
3.661945164203643799e-01 4.491522312164306641e-01 2.774789929389953613e-02
2.683660387992858887e-01 5.367239713668823242e-01 -2.200622484087944031e-02
2.067906409502029419e-01 6.409931182861328125e-01 -1.147993840277194977e-02
2.054939568042755127e-01 7.585208415985107422e-01 7.383921742439270020e-02
2.235963791608810425e-01 8.722199797630310059e-01 1.124493032693862915e-01
2.372362017631530762e-01 9.760186076164245605e-01 1.254142820835113525e-01
1.809609830379486084e-01 1.031461596488952637e+00 1.089985519647598267e-01
7.446494698524475098e-02 1.045079588890075684e+00 1.740663498640060425e-01
-9.438457898795604706e-03 1.024541139602661133e+00 1.988875716924667358e-01
-1.094093993306159973e-01 1.017543792724609375e+00 2.383593916893005371e-01
-1.833260506391525269e-01 1.004727721214294434e+00 1.470192819833755493e-01
-2.246606200933456421e-01 9.501000642776489258e-01 7.910814136266708374e-02
-1.952473819255828857e-01 8.626829385757446289e-01 3.075774759054183960e-02
-1.510197520256042480e-01 7.703701853752136230e-01 1.282249540090560913e-01
-8.103367686271667480e-02 7.191016077995300293e-01 2.095315158367156982e-01
1.266148965805768967e-02 6.561992764472961426e-01 2.668609321117401123e-01
1.220514476299285889e-01 5.906544327735900879e-01 2.580584287643432617e-01
2.000308781862258911e-01 5.133396983146667480e-01 3.793162405490875244e-01
2.399359643459320068e-01 4.267410635948181152e-01 4.481396973133087158e-01
2.386615425348281860e-01 3.143198490142822266e-01 4.684064686298370361e-01
1.847458332777023315e-01 2.092270702123641968e-01 4.331016242504119873e-01
1.381664574146270752e-01 1.628161817789077759e-01 3.229973316192626953e-01
