4.122572243213653564e-01 1.813646405935287476e-02 -5.235995054244995117e-01
3.972328305244445801e-01 1.694818586111068726e-02 -6.053636074066162109e-01
3.003849089145660400e-01 1.343819051980972290e-01 -6.125302910804748535e-01
2.272984236478805542e-01 1.551288068294525146e-01 -6.076069474220275879e-01
2.247323840856552124e-01 1.272930800914764404e-01 -6.181536316871643066e-01
2.250739187002182007e-01 1.236868929117918015e-02 -6.847119927406311035e-01
8.104813098907470703e-02 -6.432166695594787598e-02 -7.304857969284057617e-01
-3.531209193170070648e-03 -1.929919421672821045e-01 -7.845560312271118164e-01
-1.199997738003730774e-01 -2.285023927688598633e-01 -7.768163681030273438e-01
-1.751783192157745361e-01 -2.630630731582641602e-01 -7.511427998542785645e-01
-1.394809335470199585e-01 -2.847207188606262207e-01 -7.248797416687011719e-01
-6.995709985494613647e-02 -3.178108632564544678e-01 -7.104036808013916016e-01
2.624446898698806763e-02 -3.405533432960510254e-01 -6.799001693725585938e-01
1.127004027366638184e-01 -3.627923727035522461e-01 -6.693696379661560059e-01
1.787975579500198364e-01 -3.426903486251831055e-01 -5.923152565956115723e-01
2.221460044384002686e-01 -3.349137902259826660e-01 -5.554327964782714844e-01
3.206859230995178223e-01 -3.232094049453735352e-01 -4.208575487136840820e-01
4.079325795173645020e-01 -3.227955996990203857e-01 -3.801167309284210205e-01
4.233032166957855225e-01 -3.445312082767486572e-01 -4.120405018329620361e-01
3.616304397583007812e-01 -3.934630155563354492e-01 -4.963524937629699707e-01
2.813979089260101318e-01 -4.141446352005004883e-01 -5.466768145561218262e-01
1.418267041444778442e-01 -4.425590038299560547e-01 -5.809639692306518555e-01
-2.719674818217754364e-02 -4.698520600795745850e-01 -6.277049183845520020e-01
-1.244125962257385254e-01 -4.722727835178375244e-01 -6.297714114189147949e-01
-2.071451991796493530e-01 -4.620938599109649658e-01 -6.198682785034179688e-01
-2.867607176303863525e-01 -4.577578306198120117e-01 -6.150243878364562988e-01
-3.507989645004272461e-01 -4.469845592975616455e-01 -5.929859876632690430e-01
-3.832567334175109863e-01 -4.272725284099578857e-01 -5.453512072563171387e-01
-4.102355241775512695e-01 -4.190542995929718018e-01 -5.117732286453247070e-01
-4.434835910797119141e-01 -4.391605257987976074e-01 -4.748097658157348633e-01
-4.892105460166931152e-01 -4.800185561180114746e-01 -4.744658172130584717e-01
-4.505637884140014648e-01 -5.215044021606445312e-01 -4.322706162929534912e-01
-3.815959692001342773e-01 -5.760036706924438477e-01 -4.338787496089935303e-01
-3.243162631988525391e-01 -6.270414590835571289e-01 -4.421644210815429688e-01
-2.491274774074554443e-01 -6.544552445411682129e-01 -4.360025525093078613e-01
-1.977982819080352783e-01 -6.875799894332885742e-01 -4.218494296073913574e-01
-1.520784348249435425e-01 -7.276275753974914551e-01 -3.855859637260437012e-01
-1.048801317811012268e-01 -7.746707201004028320e-01 -3.330358564853668213e-01
-4.127532616257667542e-02 -8.223270177841186523e-01 -2.684499025344848633e-01
3.656991571187973022e-02 -8.351478576660156250e-01 -2.399553209543228149e-01
9.337297081947326660e-02 -8.302163481712341309e-01 -2.184127122163772583e-01
1.827071756124496460e-01 -8.129674196243286133e-01 -1.989915221929550171e-01
2.532797753810882568e-01 -7.956579923629760742e-01 -1.761641800403594971e-01
2.948394417762756348e-01 -7.738933563232421875e-01 -1.557184457778930664e-01
3.289666771888732910e-01 -7.513194680213928223e-01 -1.390724927186965942e-01
3.143885135650634766e-01 -7.474780082702636719e-01 -1.028460189700126648e-01
3.195140361785888672e-01 -7.370452880859375000e-01 -7.071381062269210815e-02
2.718970775604248047e-01 -7.605074048042297363e-01 -2.734727598726749420e-02
2.210187017917633057e-01 -7.840055823326110840e-01 4.134927410632371902e-03
1.330734789371490479e-01 -8.054959177970886230e-01 2.501726895570755005e-02
7.273814082145690918e-02 -8.195953369140625000e-01 6.420230865478515625e-02
2.654361724853515625e-02 -8.170062303543090820e-01 9.468937665224075317e-02
-1.782278716564178467e-02 -8.008835315704345703e-01 8.373024314641952515e-02
3.784621506929397583e-02 -7.759715914726257324e-01 1.089251488447189331e-01
1.244570836424827576e-01 -7.653307914733886719e-01 1.503435969352722168e-01
1.902708262205123901e-01 -7.509822845458984375e-01 1.745086014270782471e-01
2.565722763538360596e-01 -7.220867872238159180e-01 1.893205940723419189e-01
3.336982429027557373e-01 -6.838144659996032715e-01 2.081934213638305664e-01
4.020892083644866943e-01 -6.412786245346069336e-01 2.213012129068374634e-01
4.521164000034332275e-01 -6.066154241561889648e-01 2.225262671709060669e-01
4.451853036880493164e-01 -5.961880683898925781e-01 2.389561235904693604e-01
3.721967339515686035e-01 -6.165457963943481445e-01 2.628737092018127441e-01
2.972060143947601318e-01 -6.372657418251037598e-01 2.786103785037994385e-01
1.780630201101303101e-01 -6.676272749900817871e-01 2.763995826244354248e-01
8.382520824670791626e-02 -6.908918023109436035e-01 2.575983703136444092e-01
-9.378080815076828003e-02 -7.016405463218688965e-01 2.238196283578872681e-01
-2.710251808166503906e-01 -6.581599712371826172e-01 1.734812557697296143e-01
-4.148916006088256836e-01 -5.630167722702026367e-01 9.041187912225723267e-02
-4.941595494747161865e-01 -4.846887886524200439e-01 4.365780577063560486e-02
-5.357318520545959473e-01 -4.566054642200469971e-01 5.598585680127143860e-02
-5.506390333175659180e-01 -4.383472204208374023e-01 8.412632346153259277e-02
-5.528005361557006836e-01 -3.894122838973999023e-01 7.891178876161575317e-02
-5.223444104194641113e-01 -3.579728305339813232e-01 9.899207204580307007e-02
-4.756944477558135986e-01 -3.788905739784240723e-01 1.822653114795684814e-01
-3.776828050613403320e-01 -4.235520064830780029e-01 2.501364648342132568e-01
-2.731161117553710938e-01 -4.584479033946990967e-01 2.953576445579528809e-01
-1.828861236572265625e-01 -5.221914052963256836e-01 3.265027999877929688e-01
-7.326705753803253174e-02 -5.578940510749816895e-01 3.637563884258270264e-01
1.318233460187911987e-02 -5.638823509216308594e-01 3.957356214523315430e-01
3.768556565046310425e-02 -5.478131175041198730e-01 4.487338662147521973e-01
-7.464740774594247341e-04 -5.334002971649169922e-01 4.523546099662780762e-01
-9.989510476589202881e-02 -5.044572353363037109e-01 4.345168471336364746e-01
-2.107210457324981689e-01 -4.572073221206665039e-01 4.110924303531646729e-01
-3.068397939205169678e-01 -4.109482467174530029e-01 4.079300463199615479e-01
-3.725442588329315186e-01 -3.316692709922790527e-01 4.511941373348236084e-01
-4.551021456718444824e-01 -3.019518554210662842e-01 4.669449925422668457e-01
-4.949980378150939941e-01 -2.631024420261383057e-01 4.639264643192291260e-01
-5.251219272613525391e-01 -2.097600251436233521e-01 4.445122182369232178e-01
-5.289081335067749023e-01 -1.576905399560928345e-01 4.421905577182769775e-01
-4.865640699863433838e-01 -7.811665534973144531e-02 4.665803909301757812e-01
-4.592081606388092041e-01 -8.783332258462905884e-02 5.051248073577880859e-01
-3.949933350086212158e-01 -7.368309795856475830e-02 5.564420223236083984e-01
-3.447596430778503418e-01 -1.007972732186317444e-01 6.060666441917419434e-01
-2.868852615356445312e-01 -1.188110932707786560e-01 6.492845416069030762e-01
-2.464800924062728882e-01 -1.546942442655563354e-01 6.844242811203002930e-01
-1.631208211183547974e-01 -1.616738140583038330e-01 7.142660617828369141e-01
-1.068725660443305969e-01 -1.490408331155776978e-01 7.295004129409790039e-01
-8.386021852493286133e-02 -1.335064470767974854e-01 7.384960651397705078e-01
-8.498610556125640869e-02 -8.620406687259674072e-02 7.362370491027832031e-01
-4.903240129351615906e-02 -4.728937894105911255e-02 7.357767820358276367e-01
-2.163132093846797943e-02 2.044379524886608124e-02 7.141994237899780273e-01
4.794262349605560303e-03 4.144347459077835083e-02 6.972447633743286133e-01
3.831671550869941711e-02 1.819639094173908234e-02 6.822732090950012207e-01
8.550353348255157471e-02 1.426460966467857361e-02 6.833758950233459473e-01
1.704346090555191040e-01 -4.602712579071521759e-03 6.878271102905273438e-01
2.527294754981994629e-01 -1.672128215432167053e-02 6.639853715896606445e-01
2.935224175453186035e-01 -2.425164217129349709e-03 6.536638140678405762e-01
2.647806406021118164e-01 3.253584355115890503e-02 6.842243671417236328e-01
2.094991207122802734e-01 5.772685259580612183e-02 6.810890436172485352e-01
1.321769505739212036e-01 9.371253848075866699e-02 6.757399439811706543e-01
-1.296236366033554077e-01 1.471212506294250488e-01 6.905632615089416504e-01
-2.985751628875732422e-01 1.330914795398712158e-01 6.291167736053466797e-01
-3.568992316722869873e-01 1.218232288956642151e-01 5.987182259559631348e-01
-3.294619917869567871e-01 1.319573521614074707e-01 6.106272339820861816e-01
-2.288189977407455444e-01 1.498579680919647217e-01 6.354428529739379883e-01
-9.838627278804779053e-02 1.648654937744140625e-01 6.596086025238037109e-01
-1.359124016016721725e-02 1.999880969524383545e-01 7.028591036796569824e-01
1.205606982111930847e-01 1.840305924415588379e-01 6.682183146476745605e-01
2.331336885690689087e-01 1.652750372886657715e-01 6.214666962623596191e-01
3.330128788948059082e-01 1.590832322835922241e-01 5.766032338142395020e-01
3.846433460712432861e-01 1.709194481372833252e-01 5.683465003967285156e-01
3.956491053104400635e-01 2.163092195987701416e-01 5.813522338867187500e-01
3.693720102310180664e-01 2.750401496887207031e-01 5.987955927848815918e-01
3.779715001583099365e-01 2.439558506011962891e-01 5.462101697921752930e-01
3.763077557086944580e-01 2.204468995332717896e-01 4.588494896888732910e-01
3.562969863414764404e-01 2.338292151689529419e-01 3.733850121498107910e-01
3.515591323375701904e-01 2.735314369201660156e-01 3.001415729522705078e-01
3.356843292713165283e-01 3.024067580699920654e-01 2.730830609798431396e-01
2.641482949256896973e-01 3.569182157516479492e-01 3.199279010295867920e-01
1.897553354501724243e-01 4.253292679786682129e-01 3.720048964023590088e-01
6.740328669548034668e-02 4.308945834636688232e-01 3.577634096145629883e-01
-3.149706870317459106e-02 4.790416657924652100e-01 3.198902606964111328e-01
-1.314876824617385864e-01 5.153406262397766113e-01 2.946513891220092773e-01
-1.960949450731277466e-01 5.279936790466308594e-01 3.325888514518737793e-01
-2.332923561334609985e-01 5.124410986900329590e-01 3.557546436786651611e-01
-2.818570733070373535e-01 4.981571435928344727e-01 4.086373746395111084e-01
-3.294155597686767578e-01 4.697377681732177734e-01 4.286127090454101562e-01
-3.683444559574127197e-01 4.651045799255371094e-01 4.185632169246673584e-01
-3.650373220443725586e-01 4.927299916744232178e-01 4.018227756023406982e-01
-2.859368026256561279e-01 5.333182215690612793e-01 3.859987556934356689e-01
-1.784583330154418945e-01 5.586251616477966309e-01 4.173467159271240234e-01
-5.661701411008834839e-02 5.846381783485412598e-01 3.435697853565216064e-01
3.268292918801307678e-02 6.221359968185424805e-01 2.957201600074768066e-01
5.962600931525230408e-02 6.531847119331359863e-01 2.429358214139938354e-01
3.603468462824821472e-02 7.007709145545959473e-01 2.092211991548538208e-01
8.533465676009654999e-03 7.348544597625732422e-01 1.820035427808761597e-01
-3.653268516063690186e-02 7.582361698150634766e-01 1.455089747905731201e-01
-6.945019960403442383e-02 7.628989815711975098e-01 9.868533909320831299e-02
-9.000024199485778809e-02 7.528346180915832520e-01 4.416875913739204407e-02
-1.476249247789382935e-01 7.484202384948730469e-01 1.711628213524818420e-02
-1.940511018037796021e-01 7.183084487915039062e-01 -3.158036246895790100e-02
-2.249266058206558228e-01 6.840006113052368164e-01 -5.065520107746124268e-02
-3.396411538124084473e-01 7.278553247451782227e-01 1.209211051464080811e-01
-3.433046340942382812e-01 7.171832919120788574e-01 1.043826341629028320e-01
-4.032130539417266846e-01 7.203319072723388672e-01 1.100456714630126953e-01
-3.904802501201629639e-01 7.305110096931457520e-01 6.354904174804687500e-02
-4.029563665390014648e-01 7.354830503463745117e-01 2.845405973494052887e-02
-4.178594350814819336e-01 7.268424630165100098e-01 -2.026693709194660187e-02
-3.758663535118103027e-01 7.450666427612304688e-01 -5.785173922777175903e-02
-3.414657115936279297e-01 7.736081480979919434e-01 -8.128580451011657715e-02
-2.514657676219940186e-01 8.151482939720153809e-01 -7.471857964992523193e-02
-1.356616169214248657e-01 8.380075097084045410e-01 -7.725705206394195557e-02
1.173923630267381668e-02 8.607902526855468750e-01 -6.237556040287017822e-02
1.720367670059204102e-01 8.448674678802490234e-01 -3.406540676951408386e-02
3.074247241020202637e-01 7.940553426742553711e-01 -3.510825335979461670e-02
3.991683721542358398e-01 7.525924444198608398e-01 -3.718087449669837952e-02
4.624257087707519531e-01 7.134750485420227051e-01 -6.333971023559570312e-02
4.920313060283660889e-01 6.804515123367309570e-01 -1.085205078125000000e-01
5.229809880256652832e-01 6.555085778236389160e-01 -1.276270002126693726e-01
5.077583193778991699e-01 6.482368111610412598e-01 -1.750423461198806763e-01
4.748190939426422119e-01 6.510528922080993652e-01 -2.190806865692138672e-01
4.153797924518585205e-01 6.563929915428161621e-01 -2.768891155719757080e-01
3.519955873489379883e-01 6.627516746520996094e-01 -3.223437666893005371e-01
2.868686616420745850e-01 6.679816246032714844e-01 -3.655630648136138916e-01
1.730415076017379761e-01 6.886263489723205566e-01 -4.101655483245849609e-01
7.526259869337081909e-02 6.685653328895568848e-01 -4.507728517055511475e-01
1.722502335906028748e-02 6.309688687324523926e-01 -4.801692366600036621e-01
-1.605764217674732208e-02 6.061010956764221191e-01 -4.793229699134826660e-01
-6.064221728593111038e-03 5.766759514808654785e-01 -4.688408970832824707e-01
5.539913848042488098e-02 5.700619220733642578e-01 -4.729273617267608643e-01
1.340170651674270630e-01 5.646001696586608887e-01 -4.914827346801757812e-01
2.611700296401977539e-01 5.376759767532348633e-01 -5.005132555961608887e-01
3.762203454971313477e-01 5.055423974990844727e-01 -4.752632081508636475e-01
4.943341910839080811e-01 4.798993766307830811e-01 -4.258946478366851807e-01
5.490652322769165039e-01 4.349199831485748291e-01 -4.133644402027130127e-01
5.913523435592651367e-01 3.962571024894714355e-01 -4.089111089706420898e-01
5.788929462432861328e-01 3.717348277568817139e-01 -4.424519538879394531e-01
5.646576881408691406e-01 3.753789663314819336e-01 -4.764916896820068359e-01
5.281646847724914551e-01 3.454619050025939941e-01 -5.200968980789184570e-01
4.884280562400817871e-01 3.140502870082855225e-01 -5.689021944999694824e-01
4.270699918270111084e-01 2.894954681396484375e-01 -6.218909621238708496e-01
3.320043981075286865e-01 2.629733383655548096e-01 -6.662226915359497070e-01
1.317131519317626953e-01 2.773027718067169189e-01 -7.129498720169067383e-01
-1.974407769739627838e-02 2.539084851741790771e-01 -7.165651917457580566e-01
-1.381254792213439941e-01 2.603550553321838379e-01 -7.195431590080261230e-01
-1.775320321321487427e-01 2.589328587055206299e-01 -7.231618762016296387e-01
-2.218614965677261353e-01 2.801179885864257812e-01 -7.112137079238891602e-01
-3.070431947708129883e-01 2.719410359859466553e-01 -7.029684782028198242e-01
-3.367590606212615967e-01 2.664726972579956055e-01 -6.853255033493041992e-01
-3.581809699535369873e-01 2.758587300777435303e-01 -6.269679665565490723e-01
-3.785817623138427734e-01 2.267621308565139771e-01 -5.928689837455749512e-01
-3.155350685119628906e-01 2.217969000339508057e-01 -5.824313759803771973e-01
