1.600770354270935059e-01 -8.897728286683559418e-03 1.598495990037918091e-01
1.547039449214935303e-01 -6.922682747244834900e-03 2.180287241935729980e-02
1.636203527450561523e-01 -7.092382013797760010e-02 -8.169684559106826782e-02
1.485031694173812866e-01 -1.613271981477737427e-01 -1.573334187269210815e-01
1.155172213912010193e-01 -1.937858462333679199e-01 -2.446702569723129272e-01
1.049009785056114197e-01 -1.752418279647827148e-01 -3.428071737289428711e-01
9.348756819963455200e-02 -1.503851860761642456e-01 -4.423748254776000977e-01
4.742911458015441895e-02 -9.657947719097137451e-02 -5.297411084175109863e-01
1.170522719621658325e-02 -3.099993616342544556e-02 -6.150103211402893066e-01
-3.346188738942146301e-02 7.237196713685989380e-02 -6.228001713752746582e-01
-7.959616184234619141e-02 2.093102335929870605e-01 -5.181339383125305176e-01
-9.245584160089492798e-02 2.666137218475341797e-01 -4.029878377914428711e-01
-1.091151162981987000e-01 2.904923260211944580e-01 -3.098481893539428711e-01
-1.283649951219558716e-01 2.985858023166656494e-01 -2.137182801961898804e-01
-1.607307195663452148e-01 2.791069447994232178e-01 -9.075754880905151367e-02
-2.197410762310028076e-01 2.765354216098785400e-01 -3.171714954078197479e-03
-3.373985886573791504e-01 2.768962383270263672e-01 3.515016287565231323e-02
-4.096728861331939697e-01 2.689103484153747559e-01 -1.824340969324111938e-02
-3.951922059059143066e-01 2.425892800092697144e-01 -1.094322279095649719e-01
-3.573846220970153809e-01 2.226898223161697388e-01 -2.007660567760467529e-01
-3.819054663181304932e-01 2.087991088628768921e-01 -2.943450510501861572e-01
-4.047650694847106934e-01 1.913426518440246582e-01 -3.927814960479736328e-01
-3.700278997421264648e-01 2.103189527988433838e-01 -4.852866530418395996e-01
-2.789408564567565918e-01 1.478544622659683228e-01 -5.575537085533142090e-01
-2.063577324151992798e-01 4.488297179341316223e-02 -6.336381435394287109e-01
-1.481491923332214355e-01 -7.096482068300247192e-02 -7.137524485588073730e-01
-1.456664800643920898e-01 -1.361330002546310425e-01 -7.646840810775756836e-01
-2.279597669839859009e-01 -1.883857995271682739e-01 -7.609091401100158691e-01
-3.485967516899108887e-01 -2.118642032146453857e-01 -7.448236346244812012e-01
-4.516294896602630615e-01 -1.963921487331390381e-01 -7.527650594711303711e-01
-5.300890803337097168e-01 -1.181162893772125244e-01 -7.676500082015991211e-01
-5.565485358238220215e-01 -5.856349598616361618e-03 -7.642383575439453125e-01
-5.447649955749511719e-01 8.367803692817687988e-02 -7.123419642448425293e-01
-4.704668819904327393e-01 1.495488584041595459e-01 -7.081810235977172852e-01
-3.609457015991210938e-01 1.631023138761520386e-01 -6.884463429450988770e-01
-2.512284815311431885e-01 1.993121057748794556e-01 -7.142055630683898926e-01
-1.598901301622390747e-01 2.432481646537780762e-01 -8.163986802101135254e-01
-1.180158555507659912e-01 2.930587232112884521e-01 -8.819043040275573730e-01
-1.239554211497306824e-01 4.288996458053588867e-01 -9.003779292106628418e-01
-8.381497859954833984e-02 5.169299244880676270e-01 -8.048744201660156250e-01
-7.741301506757736206e-02 6.101653575897216797e-01 -7.539504170417785645e-01
-2.687961794435977936e-02 6.897828578948974609e-01 -6.498404741287231445e-01
6.255373824387788773e-03 7.102938294410705566e-01 -5.695446729660034180e-01
5.035372823476791382e-02 6.908816695213317871e-01 -4.817373454570770264e-01
1.048503294587135315e-01 6.205909848213195801e-01 -4.335167407989501953e-01
1.696248203516006470e-01 5.236571431159973145e-01 -3.860026299953460693e-01
2.634297609329223633e-01 4.916350841522216797e-01 -3.617573380470275879e-01
3.665239214897155762e-01 5.270296931266784668e-01 -3.352094292640686035e-01
4.492430984973907471e-01 5.967659950256347656e-01 -3.234862387180328369e-01
5.054447650909423828e-01 7.057265639305114746e-01 -2.667303681373596191e-01
5.108435153961181641e-01 7.617068290710449219e-01 -1.850392669439315796e-01
5.082220435142517090e-01 7.505467534065246582e-01 -8.427654206752777100e-02
5.170838832855224609e-01 6.593527793884277344e-01 -3.014113567769527435e-02
4.598174691200256348e-01 5.901420712471008301e-01 -3.918857127428054810e-02
3.584276139736175537e-01 6.641039848327636719e-01 -3.552988916635513306e-02
3.080116808414459229e-01 7.703822851181030273e-01 -7.637830078601837158e-02
2.503873109817504883e-01 8.580890893936157227e-01 -6.626666337251663208e-02
1.463292092084884644e-01 9.139333963394165039e-01 -9.035697206854820251e-03
5.848836153745651245e-02 9.310045242309570312e-01 6.623727083206176758e-02
-1.521494053304195404e-02 9.349532127380371094e-01 1.402352452278137207e-01
-3.169168159365653992e-02 8.884379267692565918e-01 2.201512604951858521e-01
3.159180656075477600e-02 7.832452058792114258e-01 2.675485014915466309e-01
1.375093311071395874e-01 7.440797090530395508e-01 2.486579567193984985e-01
2.722441256046295166e-01 6.729565262794494629e-01 2.446423172950744629e-01
4.208732247352600098e-01 6.549646854400634766e-01 2.086298614740371704e-01
5.013766884803771973e-01 6.249376535415649414e-01 2.285231798887252808e-01
5.275881290435791016e-01 5.619994997978210449e-01 2.929973602294921875e-01
5.571973323822021484e-01 4.326870441436767578e-01 3.230892419815063477e-01
4.999084770679473877e-01 3.421038389205932617e-01 3.632029592990875244e-01
4.131943583488464355e-01 2.879460752010345459e-01 4.142763018608093262e-01
3.168146014213562012e-01 2.395451217889785767e-01 4.457445740699768066e-01
2.644300758838653564e-01 1.678375601768493652e-01 4.313932061195373535e-01
1.893884837627410889e-01 1.458027511835098267e-01 3.677265644073486328e-01
8.537136018276214600e-02 1.352311968803405762e-01 2.865318953990936279e-01
-5.403427407145500183e-03 1.811549365520477295e-01 2.055495828390121460e-01
-2.823813073337078094e-02 2.393896877765655518e-01 1.055009439587593079e-01
-3.724470734596252441e-02 3.472535610198974609e-01 4.964986070990562439e-02
-6.329660117626190186e-02 4.728794395923614502e-01 4.313085600733757019e-02
-7.822921127080917358e-02 5.448599457740783691e-01 1.055924221873283386e-01
-8.831193298101425171e-02 5.831416845321655273e-01 2.155168205499649048e-01
-6.023308262228965759e-02 5.200377702713012695e-01 3.238576054573059082e-01
-3.608410805463790894e-02 4.231065511703491211e-01 3.971471488475799561e-01
-4.363188520073890686e-02 3.128010630607604980e-01 4.435093998908996582e-01
-1.078898534178733826e-01 2.443207204341888428e-01 4.987494945526123047e-01
-2.077228426933288574e-01 1.924738287925720215e-01 5.961376428604125977e-01
-2.603113055229187012e-01 1.326621323823928833e-01 6.562005877494812012e-01
-2.446882724761962891e-01 2.444780990481376648e-02 7.215697169303894043e-01
-2.574518620967864990e-01 -7.552569359540939331e-02 7.503120303153991699e-01
-3.058122992515563965e-01 -1.728886514902114868e-01 7.497819066047668457e-01
-4.011558294296264648e-01 -2.139405161142349243e-01 6.900066733360290527e-01
-5.441855192184448242e-01 -2.203543931245803833e-01 6.639687418937683105e-01
-6.343336105346679688e-01 -2.619848847389221191e-01 5.896757841110229492e-01
-7.247338891029357910e-01 -2.989977002143859863e-01 5.410261750221252441e-01
-8.151960372924804688e-01 -2.726899981498718262e-01 4.816393852233886719e-01
-9.167485833168029785e-01 -1.772262752056121826e-01 4.484537839889526367e-01
-9.596570134162902832e-01 -1.335458010435104370e-01 3.217083811759948730e-01
-9.535055160522460938e-01 -1.998720616102218628e-01 1.823664754629135132e-01
-9.139356613159179688e-01 -3.027918040752410889e-01 1.351807564496994019e-01
-8.171824812889099121e-01 -3.926731050014495850e-01 1.072751134634017944e-01
-7.319141626358032227e-01 -4.357636272907257080e-01 6.191932782530784607e-02
-6.286703944206237793e-01 -4.112431406974792480e-01 7.390932738780975342e-02
-6.092483997344970703e-01 -3.426906466484069824e-01 1.589254736900329590e-01
-6.200608611106872559e-01 -2.539403140544891357e-01 2.369507998228073120e-01
-6.436780095100402832e-01 -1.052207425236701965e-01 2.633286118507385254e-01
-6.823937892913818359e-01 3.360850363969802856e-02 2.012136280536651611e-01
-7.044740915298461914e-01 1.299454420804977417e-01 1.423002332448959351e-01
-7.591584324836730957e-01 2.061873674392700195e-01 1.220008879899978638e-01
-8.087326884269714355e-01 2.373315840959548950e-01 1.996551603078842163e-01
-8.346617221832275391e-01 2.172122746706008911e-01 3.498076498508453369e-01
-7.924558520317077637e-01 2.191815376281738281e-01 4.871487617492675781e-01
-7.094405293464660645e-01 2.379812598228454590e-01 5.744031071662902832e-01
-6.333761811256408691e-01 1.832478493452072144e-01 6.605070233345031738e-01
-5.785943269729614258e-01 7.103249430656433105e-02 7.098549008369445801e-01
-6.000213623046875000e-01 -2.725653583183884621e-03 6.729727983474731445e-01
-6.560298204421997070e-01 -6.161128357052803040e-02 5.710206627845764160e-01
-7.442879676818847656e-01 -9.060400724411010742e-02 4.438802897930145264e-01
-7.970305681228637695e-01 -1.421295851469039917e-01 3.488971590995788574e-01
-8.172327280044555664e-01 -1.411299556493759155e-01 1.812134534120559692e-01
-8.124758601188659668e-01 -9.882233291864395142e-02 4.534399509429931641e-02
-7.969724535942077637e-01 -1.154771074652671814e-01 -1.091865524649620056e-01
-8.202008605003356934e-01 -1.124404296278953552e-01 -1.809458285570144653e-01
-8.138331174850463867e-01 -1.667785793542861938e-01 -2.454893738031387329e-01
-8.100579380989074707e-01 -2.739625275135040283e-01 -2.279685884714126587e-01
-7.169485092163085938e-01 -3.111560940742492676e-01 -2.155136466026306152e-01
-6.200807094573974609e-01 -3.052991032600402832e-01 -2.166077345609664917e-01
-5.105299353599548340e-01 -3.043733537197113037e-01 -2.154381424188613892e-01
-4.105729758739471436e-01 -2.907232642173767090e-01 -2.143638730049133301e-01
-3.202505707740783691e-01 -2.322656512260437012e-01 -1.432910710573196411e-01
-2.683334350585937500e-01 -2.156569361686706543e-01 -3.010617569088935852e-02
-2.266041040420532227e-01 -1.964049637317657471e-01 1.164101883769035339e-01
-1.387703716754913330e-01 -1.689570546150207520e-01 2.215993404388427734e-01
-3.715215623378753662e-02 -2.228948175907135010e-01 3.047266900539398193e-01
-2.539826184511184692e-02 -3.058345317840576172e-01 3.758240342140197754e-01
-9.920174628496170044e-02 -4.047756493091583252e-01 4.291523694992065430e-01
-2.088494896888732910e-01 -4.920736849308013916e-01 4.081037044525146484e-01
-3.135702908039093018e-01 -5.090882778167724609e-01 4.302204549312591553e-01
-4.410197734832763672e-01 -5.508224368095397949e-01 4.262478649616241455e-01
-5.067602992057800293e-01 -5.887964963912963867e-01 3.756746351718902588e-01
-4.944729208946228027e-01 -6.292969584465026855e-01 2.726585865020751953e-01
-4.238770306110382080e-01 -6.005811691284179688e-01 1.862898468971252441e-01
-3.612361252307891846e-01 -5.103790163993835449e-01 1.215249374508857727e-01
-2.741013467311859131e-01 -4.429296255111694336e-01 7.627333700656890869e-02
-1.471338868141174316e-01 -4.081539809703826904e-01 8.240698277950286865e-02
-5.696828663349151611e-02 -4.341304004192352295e-01 3.133970126509666443e-02
-4.709142446517944336e-02 -5.378440022468566895e-01 -6.283535808324813843e-02
1.679701916873455048e-02 -5.932305455207824707e-01 -1.228202059864997864e-01
1.284748464822769165e-01 -6.492218971252441406e-01 -1.298004537820816040e-01
2.383304089307785034e-01 -6.663050055503845215e-01 -6.531916558742523193e-02
3.338367342948913574e-01 -6.909226775169372559e-01 2.901213429868221283e-02
3.809483051300048828e-01 -6.538891792297363281e-01 1.304866671562194824e-01
3.461053073406219482e-01 -6.013455986976623535e-01 2.011936455965042114e-01
2.363119274377822876e-01 -5.821282863616943359e-01 2.669287621974945068e-01
1.330652236938476562e-01 -6.116986870765686035e-01 3.025901019573211670e-01
3.189048171043395996e-02 -6.631684303283691406e-01 2.549038231372833252e-01
-3.129566088318824768e-02 -7.256851196289062500e-01 1.524316668510437012e-01
-5.100078508257865906e-02 -7.395828366279602051e-01 3.035428188741207123e-02
-6.971516460180282593e-02 -7.306513786315917969e-01 -9.852702170610427856e-02
-7.829716056585311890e-02 -6.997866034507751465e-01 -2.459887713193893433e-01
-4.118634760379791260e-02 -6.454296112060546875e-01 -3.271765112876892090e-01
6.858030706644058228e-02 -6.452767252922058105e-01 -3.621622920036315918e-01
1.946608275175094604e-01 -6.230539679527282715e-01 -3.502988219261169434e-01
2.946748137474060059e-01 -5.580111145973205566e-01 -3.264358043670654297e-01
4.103887379169464111e-01 -5.132750868797302246e-01 -3.905228376388549805e-01
5.229768753051757812e-01 -4.682372212409973145e-01 -3.854935169219970703e-01
6.098848581314086914e-01 -3.903090059757232666e-01 -3.584225475788116455e-01
7.039819359779357910e-01 -3.488837182521820068e-01 -3.084043264389038086e-01
7.896007895469665527e-01 -2.983663976192474365e-01 -2.857049107551574707e-01
8.960496187210083008e-01 -2.502950429916381836e-01 -2.347297221422195435e-01
9.860882759094238281e-01 -2.522666752338409424e-01 -2.219667881727218628e-01
1.033828616142272949e+00 -2.928231060504913330e-01 -1.514982134103775024e-01
1.079162716865539551e+00 -3.211495280265808105e-01 -4.774471372365951538e-02
1.046858429908752441e+00 -3.278309702873229980e-01 2.956306189298629761e-02
9.974685907363891602e-01 -3.548898696899414062e-01 1.196817532181739807e-01
9.629245996475219727e-01 -3.884750008583068848e-01 1.916977614164352417e-01
8.812730312347412109e-01 -4.055129885673522949e-01 2.599619626998901367e-01
7.553319334983825684e-01 -3.690608143806457520e-01 3.157306909561157227e-01
6.252260208129882812e-01 -3.401186466217041016e-01 3.420856595039367676e-01
5.228852629661560059e-01 -3.445222675800323486e-01 3.049957454204559326e-01
4.533718526363372803e-01 -3.332038819789886475e-01 2.167938798666000366e-01
4.749402701854705811e-01 -3.060560822486877441e-01 1.037333384156227112e-01
5.106854438781738281e-01 -2.760473489761352539e-01 -1.135105965659022331e-03
5.688451528549194336e-01 -1.744153648614883423e-01 -8.501786738634109497e-02
6.610479950904846191e-01 -9.671467542648315430e-02 -8.711719512939453125e-02
7.862071394920349121e-01 -6.134115159511566162e-02 -4.596875607967376709e-02
9.063450098037719727e-01 -5.408716946840286255e-02 1.552924048155546188e-02
1.011799573898315430e+00 -4.457080364227294922e-02 1.298450585454702377e-02
1.051189541816711426e+00 4.702006466686725616e-03 -5.416877567768096924e-02
1.053404211997985840e+00 1.247338950634002686e-01 -4.141668975353240967e-02
1.023105502128601074e+00 2.069343775510787964e-01 1.428745128214359283e-02
1.002884864807128906e+00 3.092104792594909668e-01 5.616920813918113708e-02
9.624345302581787109e-01 3.698853552341461182e-01 -4.412540048360824585e-02
8.926278948783874512e-01 3.855875730514526367e-01 -1.206964477896690369e-01
8.062075376510620117e-01 3.444570600986480713e-01 -1.221623495221138000e-01
7.388345003128051758e-01 2.920297682285308838e-01 -2.872518263757228851e-02
7.131031751632690430e-01 2.325635403394699097e-01 7.799668610095977783e-02
6.784061193466186523e-01 1.380028575658798218e-01 1.484637856483459473e-01
6.337129473686218262e-01 2.003928646445274353e-02 1.690550446510314941e-01
5.906975269317626953e-01 -5.074530839920043945e-02 3.087748885154724121e-01
5.236101150512695312e-01 -9.425727277994155884e-02 3.962340950965881348e-01
4.169929623603820801e-01 -1.101636439561843872e-01 4.344433844089508057e-01
2.996209561824798584e-01 -8.118856698274612427e-02 4.108635187149047852e-01
2.301855981349945068e-01 -5.956078693270683289e-02 3.050295412540435791e-01
