-1.263434290885925293e-01 3.783234953880310059e-02 2.110759466886520386e-01
-1.382699701935052872e-02 7.639139145612716675e-02 1.507068276405334473e-01
6.084694713354110718e-02 1.978960186243057251e-01 8.901077508926391602e-02
1.023229584097862244e-01 3.273796737194061279e-01 -1.789566129446029663e-02
1.913252323865890503e-01 3.766751289367675781e-01 -9.979298710823059082e-02
3.045512139797210693e-01 3.799418210983276367e-01 -1.860943287611007690e-01
4.335017204284667969e-01 3.441563844680786133e-01 -2.667332887649536133e-01
5.586789250373840332e-01 2.933450043201446533e-01 -3.330575823783874512e-01
6.636146903038024902e-01 2.363946288824081421e-01 -3.570441603660583496e-01
7.262837290763854980e-01 1.318581253290176392e-01 -3.630346655845642090e-01
6.705870628356933594e-01 -1.317068189382553101e-02 -2.904348075389862061e-01
6.006653308868408203e-01 -1.348735839128494263e-01 -2.099317610263824463e-01
5.038101673126220703e-01 -1.938170641660690308e-01 -1.572476625442504883e-01
3.787387013435363770e-01 -2.714414000511169434e-01 -1.482131928205490112e-01
2.055746465921401978e-01 -2.982203066349029541e-01 -1.310809552669525146e-01
1.019210591912269592e-01 -3.372421860694885254e-01 -1.729568094015121460e-01
2.725730463862419128e-02 -3.737345635890960693e-01 -2.963495850563049316e-01
4.813339561223983765e-02 -3.542771339416503906e-01 -3.937908709049224854e-01
1.403763145208358765e-01 -2.946043312549591064e-01 -4.252492189407348633e-01
2.521204650402069092e-01 -2.310323119163513184e-01 -4.362261593341827393e-01
3.475554883480072021e-01 -1.697175800800323486e-01 -4.950211346149444580e-01
4.458145499229431152e-01 -1.182902380824089050e-01 -5.390646457672119141e-01
5.456998348236083984e-01 -7.903275638818740845e-02 -5.305693149566650391e-01
6.046900749206542969e-01 -1.142760366201400757e-02 -4.857425689697265625e-01
6.470511555671691895e-01 1.121674850583076477e-01 -4.732991158962249756e-01
6.813515424728393555e-01 2.113547772169113159e-01 -4.398569762706756592e-01
6.887461543083190918e-01 2.810491621494293213e-01 -4.414156973361968994e-01
6.674941182136535645e-01 2.803642153739929199e-01 -4.870472252368927002e-01
6.503971815109252930e-01 2.282998114824295044e-01 -5.326262116432189941e-01
6.689837574958801270e-01 1.342654228210449219e-01 -5.803312659263610840e-01
7.210212945938110352e-01 4.878439381718635559e-02 -5.773376822471618652e-01
7.327662110328674316e-01 -3.984023630619049072e-02 -5.619757175445556641e-01
7.467972040176391602e-01 -6.451911479234695435e-02 -5.041575431823730469e-01
7.746234536170959473e-01 -6.890521943569183350e-02 -4.383752346038818359e-01
7.590339779853820801e-01 -9.892752021551132202e-02 -3.868185579776763916e-01
7.932666540145874023e-01 -7.834549993276596069e-02 -3.171966969966888428e-01
8.603238463401794434e-01 -7.843933254480361938e-02 -2.439645379781723022e-01
8.907583355903625488e-01 -1.036715805530548096e-01 -1.928939968347549438e-01
8.996851444244384766e-01 -1.680187880992889404e-01 -1.432586759328842163e-01
8.900216221809387207e-01 -1.825814992189407349e-01 -9.247957915067672729e-02
8.761222362518310547e-01 -2.444961816072463989e-01 -6.597767025232315063e-02
8.405695557594299316e-01 -3.322646319866180420e-01 1.930110901594161987e-02
7.914063334465026855e-01 -3.781218826770782471e-01 6.309701502323150635e-02
7.214409708976745605e-01 -4.234912395477294922e-01 1.076844856142997742e-01
6.648076772689819336e-01 -4.077506959438323975e-01 1.521154791116714478e-01
6.049736738204956055e-01 -3.672805726528167725e-01 1.898611634969711304e-01
5.709013938903808594e-01 -3.400804102420806885e-01 2.681134343147277832e-01
5.454196929931640625e-01 -3.626454174518585205e-01 3.569070696830749512e-01
5.313717722892761230e-01 -3.976300060749053955e-01 4.190436005592346191e-01
5.237420201301574707e-01 -4.837014079093933105e-01 4.650034606456756592e-01
4.800359010696411133e-01 -5.217101573944091797e-01 4.954114258289337158e-01
4.156088531017303467e-01 -5.440114140510559082e-01 5.156768560409545898e-01
3.792981803417205811e-01 -4.830816090106964111e-01 5.409864187240600586e-01
3.596033751964569092e-01 -4.437933564186096191e-01 5.005468726158142090e-01
3.842139244079589844e-01 -5.180737972259521484e-01 4.370848834514617920e-01
4.277059137821197510e-01 -5.860692262649536133e-01 4.003838896751403809e-01
4.411230981349945068e-01 -6.520967483520507812e-01 3.717058300971984863e-01
4.273361861705780029e-01 -7.095276117324829102e-01 3.354798853397369385e-01
3.673576712608337402e-01 -7.569601535797119141e-01 3.154862225055694580e-01
3.052337765693664551e-01 -8.003123998641967773e-01 2.996523380279541016e-01
2.261098176240921021e-01 -8.151330947875976562e-01 3.021179735660552979e-01
1.702035367488861084e-01 -7.706032395362854004e-01 3.319617211818695068e-01
1.778954416513442993e-01 -7.237437367439270020e-01 3.894062638282775879e-01
1.620332598686218262e-01 -6.601124405860900879e-01 4.673155844211578369e-01
1.649635136127471924e-01 -5.956649184226989746e-01 5.410628318786621094e-01
1.435953825712203979e-01 -5.541149377822875977e-01 5.879017710685729980e-01
8.931732922792434692e-02 -5.052897334098815918e-01 6.198031306266784668e-01
5.342043936252593994e-02 -3.773147463798522949e-01 6.510357856750488281e-01
-8.009162731468677521e-03 -3.203877210617065430e-01 6.346263289451599121e-01
-8.815092593431472778e-02 -3.260200917720794678e-01 5.724688768386840820e-01
-1.717026680707931519e-01 -3.160396218299865723e-01 4.996753931045532227e-01
-2.167221754789352417e-01 -2.581106722354888916e-01 4.360944330692291260e-01
-2.247812300920486450e-01 -2.355874776840209961e-01 3.389953374862670898e-01
-2.133999317884445190e-01 -2.343061566352844238e-01 2.044459432363510132e-01
-1.482269763946533203e-01 -3.010267913341522217e-01 9.207835793495178223e-02
-3.017876110970973969e-02 -3.558915853500366211e-01 4.452568292617797852e-02
7.555242627859115601e-02 -4.537364542484283447e-01 5.396030843257904053e-02
1.270714104175567627e-01 -5.817146301269531250e-01 6.271195411682128906e-02
8.986610919237136841e-02 -6.472091674804687500e-01 1.067515537142753601e-01
8.439723402261734009e-03 -6.910989880561828613e-01 1.610528826713562012e-01
-9.602588415145874023e-02 -6.692229509353637695e-01 1.875217407941818237e-01
-1.943672746419906616e-01 -6.166037321090698242e-01 1.964876800775527954e-01
-2.831462621688842773e-01 -5.352646112442016602e-01 1.702072322368621826e-01
-3.871063888072967529e-01 -4.982428550720214844e-01 1.024386435747146606e-01
-5.091229677200317383e-01 -4.933699965476989746e-01 1.835354790091514587e-02
-5.873737931251525879e-01 -4.712539911270141602e-01 -1.117528323084115982e-02
-6.606243252754211426e-01 -4.203923642635345459e-01 -2.022973820567131042e-02
-7.160220742225646973e-01 -3.591831326484680176e-01 -3.233506157994270325e-02
-7.398671507835388184e-01 -3.092369437217712402e-01 -9.025845676660537720e-02
-7.276605963706970215e-01 -2.783212065696716309e-01 -1.840491890907287598e-01
-7.097932696342468262e-01 -2.950849235057830811e-01 -2.793951332569122314e-01
-6.711705327033996582e-01 -2.994778156280517578e-01 -3.746382296085357666e-01
-6.656196117401123047e-01 -2.832057476043701172e-01 -4.453903734683990479e-01
-6.356202960014343262e-01 -3.297180533409118652e-01 -5.083672404289245605e-01
-5.877547860145568848e-01 -4.236242771148681641e-01 -5.451498627662658691e-01
-5.297663211822509766e-01 -3.993531465530395508e-01 -6.166734695434570312e-01
-4.498523175716400146e-01 -3.427845239639282227e-01 -6.808012723922729492e-01
-4.409548938274383545e-01 -2.722719907760620117e-01 -7.072204351425170898e-01
-4.282323718070983887e-01 -1.254503875970840454e-01 -6.954742670059204102e-01
-4.075166881084442139e-01 -2.282372675836086273e-02 -6.668514013290405273e-01
-3.723665773868560791e-01 1.811827532947063446e-02 -5.897068381309509277e-01
-4.090779721736907959e-01 -2.732887119054794312e-02 -5.472260117530822754e-01
-4.667523801326751709e-01 -1.030439585447311401e-01 -5.065623521804809570e-01
-4.663670063018798828e-01 -2.002855539321899414e-01 -5.008298158645629883e-01
-3.898798823356628418e-01 -2.885398864746093750e-01 -5.318710207939147949e-01
-3.208100795745849609e-01 -3.558325767517089844e-01 -5.614007115364074707e-01
-3.182560801506042480e-01 -4.273905456066131592e-01 -5.641727447509765625e-01
-4.083403646945953369e-01 -4.894023239612579346e-01 -5.378918647766113281e-01
-5.141356587409973145e-01 -5.069242119789123535e-01 -4.971028864383697510e-01
-6.260056495666503906e-01 -5.016918182373046875e-01 -4.049775302410125732e-01
-6.278381347656250000e-01 -5.321448445320129395e-01 -3.381313681602478027e-01
-6.606321930885314941e-01 -5.018678903579711914e-01 -2.807657718658447266e-01
-6.989465951919555664e-01 -4.266159534454345703e-01 -2.863662242889404297e-01
-7.385874390602111816e-01 -3.297902941703796387e-01 -3.034575581550598145e-01
-7.097215056419372559e-01 -2.580642998218536377e-01 -3.859264552593231201e-01
-6.698504686355590820e-01 -2.180778533220291138e-01 -4.797809422016143799e-01
-6.279133558273315430e-01 -1.985222101211547852e-01 -5.511443018913269043e-01
-5.223557353019714355e-01 -1.723464429378509521e-01 -6.254320144653320312e-01
-3.685491085052490234e-01 -1.462745070457458496e-01 -6.915099024772644043e-01
-1.930617839097976685e-01 -9.331309050321578979e-02 -7.419656515121459961e-01
-1.198028326034545898e-01 -7.546736299991607666e-02 -7.673475742340087891e-01
-7.137682288885116577e-02 -2.900639548897743225e-02 -7.903665304183959961e-01
-1.113686487078666687e-01 4.315813258290290833e-02 -8.041843175888061523e-01
-9.541960060596466064e-02 8.414869755506515503e-02 -7.360277771949768066e-01
-6.657256186008453369e-02 1.152012571692466736e-01 -6.638964414596557617e-01
-5.564635619521141052e-02 1.521516740322113037e-01 -5.897689461708068848e-01
-3.387527912855148315e-02 1.942411512136459351e-01 -5.154601931571960449e-01
-8.416765183210372925e-02 1.759212911128997803e-01 -4.285736680030822754e-01
-1.847298145294189453e-01 1.592480093240737915e-01 -3.595713078975677490e-01
-3.028358221054077148e-01 1.282223016023635864e-01 -2.715358734130859375e-01
-3.765139281749725342e-01 8.910703659057617188e-02 -1.469316780567169189e-01
-4.510823190212249756e-01 1.433491408824920654e-01 -3.907828405499458313e-02
-5.186935663223266602e-01 2.026978880167007446e-01 -4.311934113502502441e-02
-5.919675827026367188e-01 2.313138991594314575e-01 -1.142301559448242188e-01
-6.046483516693115234e-01 2.453073412179946899e-01 -2.089817076921463013e-01
-6.233339905738830566e-01 2.067957669496536255e-01 -2.821959853172302246e-01
-6.532616615295410156e-01 1.620347052812576294e-01 -3.619316518306732178e-01
-6.403772830963134766e-01 1.753974109888076782e-01 -4.205656945705413818e-01
-6.056579947471618652e-01 2.276666164398193359e-01 -4.271352291107177734e-01
-5.169605612754821777e-01 2.786294817924499512e-01 -4.151166975498199463e-01
-4.199276864528656006e-01 2.896091639995574951e-01 -4.066608548164367676e-01
-3.587021827697753906e-01 3.076722919940948486e-01 -3.536524176597595215e-01
-3.116774260997772217e-01 3.490317761898040771e-01 -2.529987096786499023e-01
-2.776008248329162598e-01 4.355490207672119141e-01 -1.995006650686264038e-01
-1.891335397958755493e-01 5.543003678321838379e-01 -2.378732413053512573e-01
-1.571206748485565186e-01 6.463298797607421875e-01 -2.026866525411605835e-01
-1.435584276914596558e-01 7.372758984565734863e-01 -1.193497255444526672e-01
-1.804324090480804443e-01 7.614439725875854492e-01 -3.743626177310943604e-03
-2.062126547098159790e-01 7.727969288825988770e-01 8.739781379699707031e-02
-2.358343750238418579e-01 7.278144955635070801e-01 1.571541726589202881e-01
-2.811537086963653564e-01 6.711504459381103516e-01 1.702081412076950073e-01
-3.419125676155090332e-01 6.174322962760925293e-01 1.071456670761108398e-01
-4.028290212154388428e-01 5.830010175704956055e-01 3.325362130999565125e-02
-4.189178347587585449e-01 5.799972414970397949e-01 -4.499122127890586853e-02
-3.747175037860870361e-01 6.487748622894287109e-01 -1.330850869417190552e-01
-3.051257133483886719e-01 6.938070654869079590e-01 -1.672928482294082642e-01
-1.846762597560882568e-01 7.244896888732910156e-01 -2.179678082466125488e-01
-5.567312613129615784e-02 7.441803812980651855e-01 -2.607763409614562988e-01
4.650015383958816528e-02 7.301762700080871582e-01 -2.559002935886383057e-01
7.601358741521835327e-02 7.748929262161254883e-01 -1.830655187368392944e-01
9.577578306198120117e-02 7.993778586387634277e-01 -9.426402300596237183e-02
9.361289441585540771e-02 7.847487926483154297e-01 -8.400755003094673157e-03
1.584886759519577026e-01 7.924833297729492188e-01 6.419033557176589966e-02
1.622321158647537231e-01 7.892313003540039062e-01 1.592349708080291748e-01
1.618969142436981201e-01 7.493231296539306641e-01 2.754970788955688477e-01
1.589220762252807617e-01 7.242745161056518555e-01 3.759137988090515137e-01
1.742596626281738281e-01 6.867995858192443848e-01 4.600946903228759766e-01
2.120468467473983765e-01 6.481021046638488770e-01 5.407271385192871094e-01
1.924113333225250244e-01 6.608726978302001953e-01 5.982983112335205078e-01
1.935914158821105957e-01 6.583129167556762695e-01 6.383531093597412109e-01
1.284275352954864502e-01 6.678859591484069824e-01 6.822453141212463379e-01
1.412906590849161148e-02 6.227856874465942383e-01 7.205370068550109863e-01
-3.524875268340110779e-02 6.167984604835510254e-01 7.136380672454833984e-01
-8.901084959506988525e-02 6.426833271980285645e-01 6.897107362747192383e-01
-1.345672309398651123e-01 6.241655349731445312e-01 6.798949837684631348e-01
-2.227326482534408569e-01 5.402414202690124512e-01 6.452415585517883301e-01
-2.671775519847869873e-01 4.973007738590240479e-01 5.901246666908264160e-01
-2.880908250808715820e-01 4.920293092727661133e-01 5.115503072738647461e-01
-2.103436738252639771e-01 4.738302528858184814e-01 4.254644215106964111e-01
-1.118182465434074402e-01 4.904915690422058105e-01 4.045169651508331299e-01
-9.457342326641082764e-03 4.920061230659484863e-01 4.101922810077667236e-01
8.550202101469039917e-02 4.435973167419433594e-01 4.715385735034942627e-01
1.228525266051292419e-01 3.891017138957977295e-01 5.572390556335449219e-01
1.192388832569122314e-01 3.927572965621948242e-01 6.773080825805664062e-01
1.292743533849716187e-01 4.201327562332153320e-01 7.543172836303710938e-01
1.734035164117813110e-01 4.585291743278503418e-01 8.100673556327819824e-01
2.110098898410797119e-01 4.093821644783020020e-01 8.523979187011718750e-01
2.337727248668670654e-01 3.098737597465515137e-01 8.905648589134216309e-01
1.746235489845275879e-01 2.173455208539962769e-01 9.231796264648437500e-01
1.942244172096252441e-01 1.133743077516555786e-01 9.373669028282165527e-01
1.776125729084014893e-01 3.817827999591827393e-02 9.418717622756958008e-01
2.147040516138076782e-01 -2.514668926596641541e-02 9.031935930252075195e-01
2.204388380050659180e-01 -3.788913041353225708e-02 8.335290551185607910e-01
1.324446648359298706e-01 -4.273194074630737305e-02 8.142293095588684082e-01
7.872289419174194336e-02 -7.707930635660886765e-03 7.919426560401916504e-01
1.218973775394260883e-03 6.654657423496246338e-02 7.704740762710571289e-01
-6.623236089944839478e-02 1.694728732109069824e-01 7.305691242218017578e-01
-1.937018632888793945e-01 2.119266539812088013e-01 7.066729068756103516e-01
-2.734538316726684570e-01 1.995113044977188110e-01 6.733040213584899902e-01
-3.367207348346710205e-01 1.597722917795181274e-01 5.926663279533386230e-01
-3.669720292091369629e-01 8.276718854904174805e-02 4.889031052589416504e-01
-3.330693840980529785e-01 6.402294337749481201e-02 3.877471387386322021e-01
