-1.967857331037521362e-01 -1.973883509635925293e-01 4.517023637890815735e-02
-1.511503849178552628e-02 -1.852421015501022339e-01 -1.790185831487178802e-02
1.234508901834487915e-01 -1.908866912126541138e-01 -1.314717382192611694e-01
1.823795437812805176e-01 -1.658326983451843262e-01 -2.637237310409545898e-01
2.473158240318298340e-01 -1.110108867287635803e-01 -3.321385085582733154e-01
3.531218469142913818e-01 -1.107841506600379944e-01 -3.209997713565826416e-01
4.388230443000793457e-01 -9.492674469947814941e-02 -3.160130679607391357e-01
5.165261626243591309e-01 -6.789961457252502441e-02 -2.593185007572174072e-01
5.805705189704895020e-01 -2.425274439156055450e-02 -2.156745195388793945e-01
6.138415336608886719e-01 -5.287915933877229691e-03 -1.120647415518760681e-01
5.669629573822021484e-01 3.679728135466575623e-02 3.022869117558002472e-02
4.973775744438171387e-01 8.673956245183944702e-02 1.544514298439025879e-01
4.203319549560546875e-01 9.428833425045013428e-02 2.050347328186035156e-01
3.365512788295745850e-01 1.409052908420562744e-01 2.890893518924713135e-01
2.071214318275451660e-01 1.821577250957489014e-01 3.244020044803619385e-01
9.995982050895690918e-02 2.406270056962966919e-01 3.597072064876556396e-01
4.168023169040679932e-02 3.450741469860076904e-01 3.789857327938079834e-01
1.189379170536994934e-01 4.274877011775970459e-01 3.516623675823211670e-01
2.061654329299926758e-01 4.150344431400299072e-01 2.766888141632080078e-01
2.938558757305145264e-01 3.762324154376983643e-01 2.413962483406066895e-01
3.614685833454132080e-01 4.001445770263671875e-01 1.609570831060409546e-01
4.395169913768768311e-01 4.117706716060638428e-01 1.419219523668289185e-01
5.151209235191345215e-01 3.623056113719940186e-01 7.992580533027648926e-02
5.626364946365356445e-01 2.654519379138946533e-01 5.720151588320732117e-03
5.943005681037902832e-01 1.936354935169219971e-01 -1.550292670726776123e-01
6.287138462066650391e-01 1.340313851833343506e-01 -2.781367599964141846e-01
6.225249767303466797e-01 1.269516199827194214e-01 -3.739764094352722168e-01
5.974333286285400391e-01 2.300557643175125122e-01 -4.082382917404174805e-01
5.666621327400207520e-01 3.451115787029266357e-01 -4.135290384292602539e-01
5.696327686309814453e-01 4.708742201328277588e-01 -3.831551969051361084e-01
5.877399444580078125e-01 5.549607276916503906e-01 -3.257832527160644531e-01
6.046642661094665527e-01 6.077530384063720703e-01 -1.942808479070663452e-01
6.078850626945495605e-01 5.664584636688232422e-01 -9.597614407539367676e-02
6.388821005821228027e-01 4.794860184192657471e-01 -6.613337993621826172e-02
6.337752342224121094e-01 4.016905128955841064e-01 2.887486293911933899e-02
6.855368018150329590e-01 2.551533579826354980e-01 -4.754335805773735046e-02
7.641386985778808594e-01 1.576336026191711426e-01 -4.049450159072875977e-02
8.198270201683044434e-01 1.420236527919769287e-01 2.606764622032642365e-02
8.634127378463745117e-01 1.396003663539886475e-01 1.163420900702476501e-01
8.142136335372924805e-01 1.261196881532669067e-01 2.445571273565292358e-01
7.923601269721984863e-01 1.071845814585685730e-01 3.274332284927368164e-01
7.348477244377136230e-01 6.647267937660217285e-02 4.364263117313385010e-01
6.867615580558776855e-01 1.784069649875164032e-02 4.658693075180053711e-01
5.939215421676635742e-01 -1.319877523928880692e-02 5.023176670074462891e-01
5.700855255126953125e-01 -1.031174212694168091e-01 4.301575124263763428e-01
5.391610860824584961e-01 -1.734980344772338867e-01 3.353039622306823730e-01
5.220822095870971680e-01 -2.673740684986114502e-01 3.002541363239288330e-01
5.018282532691955566e-01 -3.609490394592285156e-01 3.256522715091705322e-01
4.832177460193634033e-01 -4.219931364059448242e-01 3.977447748184204102e-01
4.591767191886901855e-01 -4.734747707843780518e-01 5.040670633316040039e-01
3.767426311969757080e-01 -4.913250803947448730e-01 5.869546532630920410e-01
2.643984854221343994e-01 -4.873838722705841064e-01 6.180835962295532227e-01
1.913797855377197266e-01 -5.194268226623535156e-01 5.498361587524414062e-01
1.634120792150497437e-01 -4.581702351570129395e-01 5.152971744537353516e-01
2.214671224355697632e-01 -3.502312004566192627e-01 5.696888566017150879e-01
2.917720377445220947e-01 -2.962110936641693115e-01 6.412305235862731934e-01
2.892663776874542236e-01 -2.291888594627380371e-01 7.188306450843811035e-01
2.508628666400909424e-01 -1.447213441133499146e-01 7.865620851516723633e-01
1.668241471052169800e-01 -5.669672787189483643e-02 8.246239423751831055e-01
2.587168477475643158e-02 -2.910248935222625732e-02 8.545264601707458496e-01
1.899423822760581970e-02 3.457048535346984863e-02 8.289185166358947754e-01
-6.876356154680252075e-02 -6.485323607921600342e-02 7.593782544136047363e-01
-7.571201771497726440e-02 -1.809714734554290771e-01 7.192001938819885254e-01
-8.243412524461746216e-02 -2.920503616333007812e-01 6.551502943038940430e-01
-2.659491635859012604e-02 -4.189921319484710693e-01 6.211552619934082031e-01
-6.154143437743186951e-02 -5.033524036407470703e-01 5.946563482284545898e-01
-1.400874853134155273e-01 -5.337327122688293457e-01 5.497893691062927246e-01
-2.026689052581787109e-01 -5.707744956016540527e-01 4.516552686691284180e-01
-2.783477604389190674e-01 -5.149329900741577148e-01 3.988520801067352295e-01
-3.550592064857482910e-01 -4.395102262496948242e-01 3.718597292900085449e-01
-4.134971797466278076e-01 -3.443538248538970947e-01 3.556430935859680176e-01
-4.433889985084533691e-01 -2.948779165744781494e-01 2.845009267330169678e-01
-3.778303861618041992e-01 -2.226329147815704346e-01 2.828707993030548096e-01
-3.250966370105743408e-01 -1.173549890518188477e-01 2.503233551979064941e-01
-2.063291072845458984e-01 -1.284745056182146072e-02 2.971911132335662842e-01
-5.856495723128318787e-02 2.324738912284374237e-02 3.305380642414093018e-01
7.175833731889724731e-02 1.586197875440120697e-02 4.035592079162597656e-01
1.310956925153732300e-01 6.204477325081825256e-02 5.153899788856506348e-01
5.244353413581848145e-02 6.369632482528686523e-02 5.794698596000671387e-01
-4.858585819602012634e-02 6.505557149648666382e-02 6.245425939559936523e-01
-1.833174973726272583e-01 3.135578334331512451e-02 5.968120694160461426e-01
-2.880116999149322510e-01 -5.101041402667760849e-03 5.421938300132751465e-01
-3.770264685153961182e-01 -1.009137835353612900e-02 4.587150514125823975e-01
-4.411151707172393799e-01 5.877908319234848022e-02 4.133407175540924072e-01
-5.285816192626953125e-01 1.428113579750061035e-01 3.800454139709472656e-01
-6.083573102951049805e-01 1.612579822540283203e-01 3.171923458576202393e-01
-6.890075206756591797e-01 1.342014372348785400e-01 2.290781140327453613e-01
-7.453592419624328613e-01 1.398216038942337036e-01 1.252448409795761108e-01
-7.535096406936645508e-01 1.954729855060577393e-01 4.932726547122001648e-02
-7.228026986122131348e-01 3.015079200267791748e-01 -8.583157323300838470e-03
-6.932114362716674805e-01 4.320006072521209717e-01 -2.600797824561595917e-02
-6.329911947250366211e-01 5.441694259643554688e-01 -8.545602858066558838e-02
-5.792093276977539062e-01 6.501916646957397461e-01 -1.508466154336929321e-01
-5.239760279655456543e-01 7.441182136535644531e-01 -1.006060540676116943e-01
-4.357597827911376953e-01 8.750838637351989746e-01 2.446266077458858490e-02
-3.057112395763397217e-01 8.995087742805480957e-01 -3.210707753896713257e-02
-1.920091062784194946e-01 9.157373309135437012e-01 -1.019566878676414490e-01
-2.049822956323623657e-01 8.704397082328796387e-01 -2.329148352146148682e-01
-1.833295226097106934e-01 7.949768304824829102e-01 -3.164984583854675293e-01
-1.722815334796905518e-01 6.994990110397338867e-01 -4.113843739032745361e-01
-1.671938300132751465e-01 5.952864289283752441e-01 -3.938308954238891602e-01
-2.434769421815872192e-01 5.800313949584960938e-01 -2.892835140228271484e-01
-3.154537677764892578e-01 5.786785483360290527e-01 -1.409404426813125610e-01
-2.982926070690155029e-01 5.876522064208984375e-01 4.694628342986106873e-02
-1.761065274477005005e-01 6.277672052383422852e-01 1.819519251585006714e-01
-6.405456364154815674e-02 6.632097959518432617e-01 2.474127411842346191e-01
-3.143629059195518494e-02 6.900051832199096680e-01 3.328629732131958008e-01
-9.939373284578323364e-02 7.251997590065002441e-01 3.711149990558624268e-01
-2.292323708534240723e-01 7.230263948440551758e-01 3.945251703262329102e-01
-3.495396375656127930e-01 6.744453907012939453e-01 4.191112518310546875e-01
-4.140734672546386719e-01 5.879972577095031738e-01 4.589838087558746338e-01
-5.021612048149108887e-01 5.030791759490966797e-01 4.380398988723754883e-01
-5.924121141433715820e-01 4.579741358757019043e-01 3.413213789463043213e-01
-6.047756075859069824e-01 4.755799770355224609e-01 2.520523071289062500e-01
-5.448989868164062500e-01 5.431455373764038086e-01 1.726469248533248901e-01
-4.450693428516387939e-01 6.532448530197143555e-01 1.152784898877143860e-01
-3.390556871891021729e-01 7.426809072494506836e-01 1.247237175703048706e-01
-1.789857894182205200e-01 7.714765071868896484e-01 4.154489189386367798e-02
-4.596245661377906799e-02 7.770074009895324707e-01 -1.455152378184720874e-04
7.625004649162292480e-02 7.790052890777587891e-01 -8.120340108871459961e-02
1.597509384155273438e-01 7.982971668243408203e-01 -2.051449008285999298e-02
1.913480013608932495e-01 8.093755841255187988e-01 -1.188706085085868835e-01
1.473067253828048706e-01 7.946959137916564941e-01 -2.605669200420379639e-01
1.550085246562957764e-01 7.148972153663635254e-01 -2.652724385261535645e-01
1.357791125774383545e-01 6.100978255271911621e-01 -3.475636541843414307e-01
1.543653011322021484e-01 5.187038183212280273e-01 -3.311221599578857422e-01
1.641661226749420166e-01 4.076087772846221924e-01 -3.865403532981872559e-01
1.152579188346862793e-01 3.395213484764099121e-01 -2.848314344882965088e-01
-4.666197113692760468e-03 2.813955247402191162e-01 -2.768546640872955322e-01
-1.985470056533813477e-01 2.210297584533691406e-01 -1.819858551025390625e-01
-3.311730027198791504e-01 1.279047578573226929e-01 -8.158390969038009644e-02
-4.266991615295410156e-01 2.432631561532616615e-03 -1.421193927526473999e-01
-5.217059254646301270e-01 -2.351273968815803528e-02 -1.756948083639144897e-01
-5.757930278778076172e-01 4.999945312738418579e-02 -2.506431341171264648e-01
-5.502700209617614746e-01 1.518315970897674561e-01 -3.446376919746398926e-01
-5.799702405929565430e-01 2.613277137279510498e-01 -3.290203511714935303e-01
-5.710391998291015625e-01 3.894486725330352783e-01 -3.430219292640686035e-01
-5.262426137924194336e-01 4.833234250545501709e-01 -3.866253793239593506e-01
-4.396661818027496338e-01 4.765629768371582031e-01 -4.750691056251525879e-01
-3.623981177806854248e-01 4.028792381286621094e-01 -5.001628994941711426e-01
-2.517361342906951904e-01 3.639307022094726562e-01 -4.787727594375610352e-01
-1.787159740924835205e-01 2.886128425598144531e-01 -4.508319497108459473e-01
-2.247967422008514404e-01 1.436687856912612915e-01 -4.097144305706024170e-01
-1.618357598781585693e-01 5.061634629964828491e-02 -4.572271704673767090e-01
-5.055064335465431213e-02 6.657148152589797974e-02 -5.646244287490844727e-01
-2.758827619254589081e-02 -7.269803900271654129e-03 -6.244696378707885742e-01
-2.312176488339900970e-02 -1.083208918571472168e-01 -6.616229414939880371e-01
-7.378543168306350708e-02 -2.153089344501495361e-01 -6.544533371925354004e-01
-1.689242124557495117e-01 -2.957119643688201904e-01 -6.429598331451416016e-01
-2.668472528457641602e-01 -3.398357629776000977e-01 -5.921365618705749512e-01
-3.561317026615142822e-01 -3.134738206863403320e-01 -5.198388099670410156e-01
-4.089032709598541260e-01 -2.195136845111846924e-01 -4.949591159820556641e-01
-4.817964136600494385e-01 -1.323047280311584473e-01 -4.857855737209320068e-01
-4.419818818569183350e-01 -3.136676922440528870e-02 -5.547232627868652344e-01
-3.489346802234649658e-01 4.264307767152786255e-02 -6.516307592391967773e-01
-2.278599143028259277e-01 7.394332438707351685e-02 -6.984812617301940918e-01
-7.187944650650024414e-02 1.184119954705238342e-01 -7.210004925727844238e-01
6.556514650583267212e-02 1.233252584934234619e-01 -7.231007814407348633e-01
1.682062596082687378e-01 9.409864246845245361e-02 -6.915981769561767578e-01
1.941292434930801392e-01 -1.464129984378814697e-02 -6.952914595603942871e-01
1.959651261568069458e-01 -1.343108266592025757e-01 -6.773430705070495605e-01
1.850224733352661133e-01 -2.390012294054031372e-01 -6.233905553817749023e-01
2.614524364471435547e-01 -3.391458094120025635e-01 -5.896962285041809082e-01
2.871130108833312988e-01 -4.349671304225921631e-01 -5.458642840385437012e-01
2.992547154426574707e-01 -5.181820392608642578e-01 -4.753548800945281982e-01
2.662408649921417236e-01 -6.066461205482482910e-01 -4.339545071125030518e-01
2.724525034427642822e-01 -6.910669207572937012e-01 -3.686826229095458984e-01
2.516053318977355957e-01 -7.952094078063964844e-01 -3.079295456409454346e-01
1.970502883195877075e-01 -8.889433741569519043e-01 -2.969585955142974854e-01
8.163475990295410156e-02 -9.543359875679016113e-01 -3.113106489181518555e-01
-4.453025013208389282e-02 -9.908613562583923340e-01 -3.050648272037506104e-01
-1.734726428985595703e-01 -9.634674787521362305e-01 -2.529502809047698975e-01
-2.545134425163269043e-01 -9.043831825256347656e-01 -2.715132534503936768e-01
-3.003306984901428223e-01 -8.453316092491149902e-01 -3.467677235603332520e-01
-4.153615236282348633e-01 -7.776318788528442383e-01 -2.961858510971069336e-01
-4.450563192367553711e-01 -6.659768223762512207e-01 -2.673641741275787354e-01
-4.604163467884063721e-01 -5.622238516807556152e-01 -2.295776754617691040e-01
-4.285762310028076172e-01 -4.700483381748199463e-01 -2.709868252277374268e-01
-3.275068104267120361e-01 -4.272958636283874512e-01 -2.990405261516571045e-01
-1.890303939580917358e-01 -4.505144655704498291e-01 -3.291369974613189697e-01
-6.188848614692687988e-02 -4.771083295345306396e-01 -3.435973227024078369e-01
6.334353238344192505e-02 -5.260326266288757324e-01 -2.683830559253692627e-01
1.056760400533676147e-01 -6.009500026702880859e-01 -1.827961653470993042e-01
1.213973760604858398e-01 -7.018957734107971191e-01 -1.188672631978988647e-01
5.502210184931755066e-02 -8.091477155685424805e-01 -1.046935617923736572e-01
2.256068587303161621e-02 -9.070124030113220215e-01 -8.096577227115631104e-02
1.629323512315750122e-01 -9.403774738311767578e-01 -4.759829118847846985e-02
1.117258369922637939e-01 -9.571465253829956055e-01 7.173773646354675293e-02
6.513198465108871460e-02 -9.312371015548706055e-01 1.722218692302703857e-01
1.090941205620765686e-01 -9.135552644729614258e-01 2.629397213459014893e-01
2.232560068368911743e-01 -8.737236261367797852e-01 2.737559080123901367e-01
3.188786506652832031e-01 -7.931580543518066406e-01 2.483281046152114868e-01
2.923496663570404053e-01 -7.221624851226806641e-01 2.239541560411453247e-01
1.554816365242004395e-01 -6.821202635765075684e-01 2.292564809322357178e-01
-3.809712594375014305e-03 -6.662071347236633301e-01 2.170456796884536743e-01
-6.908629089593887329e-02 -6.406458616256713867e-01 1.278524845838546753e-01
-1.598211079835891724e-01 -6.082631349563598633e-01 3.607660159468650818e-02
-3.148123025894165039e-01 -5.683051347732543945e-01 1.149738300591707230e-02
-4.238157272338867188e-01 -5.031350851058959961e-01 1.609085709787905216e-03
-4.824938476085662842e-01 -4.080858230590820312e-01 5.099376197904348373e-03
-4.839210212230682373e-01 -3.061563670635223389e-01 3.764423355460166931e-02
-3.840346038341522217e-01 -2.538788914680480957e-01 2.461036667227745056e-02
